7.463011e+02 5.330184e+02
9.592257e-01  1.528265e-01
7.097987e-01  1.049960e-01
1.080156e+00  1.664264e-01
9.368194e-01  1.399675e-01
6.458955e-01  1.065561e-01
1.008353e+00  1.586581e-01
7.960389e-01  9.214041e-02
1.067983e+00  1.802857e-01
9.081291e-01  1.269432e-01
6.763574e-01  8.707592e-02
1.067983e+00  1.802857e-01
7.960389e-01  9.214041e-02
6.763574e-01  8.707592e-02
9.081291e-01  1.269432e-01
1.080156e+00  1.664264e-01
7.097987e-01  1.049960e-01
6.458955e-01  1.065561e-01
9.368194e-01  1.399675e-01
1.037885e+00  -1.176808e-01
1.086762e+00  -3.861281e-03
1.112493e+00  -1.214034e-01
6.121784e-01  1.013409e-01
8.588936e-01  1.463552e-01
7.293120e-01  1.242570e-01
7.293120e-01  1.242570e-01
8.588936e-01  1.463552e-01
1.112493e+00  -1.214034e-01
1.086762e+00  -3.861281e-03
9.401963e-01  1.392627e-01
1.046513e+00  1.692372e-01
9.636777e-01  1.479185e-01
1.158332e+00  1.275393e-01
7.134011e-01  7.826553e-02
6.726555e-01  8.120929e-02
1.150103e+00  1.346461e-01
8.304596e-01  2.166668e-02
1.219115e+00  2.988231e-01
9.794260e-01  2.944264e-02
9.191552e-01  4.492845e-02
1.226913e+00  3.087318e-01
1.073899e+00  1.707142e-01
9.541629e-01  1.047697e-01
9.333754e-01  1.119473e-01
7.900924e-01  9.529512e-02
1.012516e+00  1.977539e-01
1.124607e+00  1.359957e-01
7.861001e-01  1.267324e-02
7.212407e-01  8.177096e-02
1.205302e+00  1.386471e-01
1.011731e+00  9.976290e-02
9.539752e-01  1.553163e-01
7.134011e-01  7.826553e-02
1.158332e+00  1.275393e-01
1.150103e+00  1.346461e-01
6.726555e-01  8.120929e-02
9.952489e-01  5.096631e-02
9.084215e-01  -6.801075e-02
1.208666e+00  2.486264e-01
1.225393e+00  2.501056e-01
1.066776e+00  -9.293919e-02
1.030540e+00  1.506082e-01
1.061589e+00  1.144022e-01
7.271978e-01  8.159324e-02
1.084377e+00  1.117301e-01
1.032338e+00  2.396590e-01
9.194550e-01  -9.556591e-02
1.121622e+00  1.826449e-01
6.350906e-01  9.699841e-02
1.054406e+00  1.165847e-01
1.158146e+00  1.290235e-01
1.030540e+00  1.506082e-01
7.758026e-01  7.046985e-02
1.084377e+00  1.117301e-01
1.061589e+00  1.144022e-01
7.271978e-01  8.159324e-02
9.952489e-01  5.096631e-02
1.225393e+00  2.501056e-01
1.066776e+00  -9.293919e-02
1.208666e+00  2.486264e-01
6.350906e-01  9.699841e-02
1.158146e+00  1.290235e-01
1.032338e+00  2.396590e-01
9.194550e-01  -9.556591e-02
1.073899e+00  1.707142e-01
9.333754e-01  1.119473e-01
7.900924e-01  9.529512e-02
8.203657e-01  9.015702e-02
9.541629e-01  1.047697e-01
8.304596e-01  2.166668e-02
1.226913e+00  3.087318e-01
1.219115e+00  2.988231e-01
9.794260e-01  2.944264e-02
7.212407e-01  8.177096e-02
1.205302e+00  1.386471e-01
1.012516e+00  1.977539e-01
7.861001e-01  1.267324e-02
7.004596e-01  5.532949e-02
1.065481e+00  -6.835374e-03
1.268620e+00  -1.378083e-01
1.227677e+00  5.192241e-02
1.112872e+00  -1.368636e-01
1.228328e+00  -9.685037e-02
7.175657e-01  5.776779e-03
9.260212e-01  1.337812e-01
1.205091e+00  1.414419e-01
7.946089e-01  5.744370e-02
8.230528e-01  9.854539e-02
8.963063e-01  6.245341e-02
8.230528e-01  9.854539e-02
1.226573e+00  1.741929e-01
8.963063e-01  6.245341e-02
9.260212e-01  1.337812e-01
7.946089e-01  5.744370e-02
1.112872e+00  -1.368636e-01
1.241399e+00  -1.429850e-01
1.228328e+00  -9.685037e-02
1.065481e+00  -6.835374e-03
1.227677e+00  5.192241e-02
1.079096e+00  1.826674e-01
1.065225e+00  1.778132e-01
9.496309e-01  1.597495e-01
1.205290e+00  1.058403e-01
6.478140e-01  1.008927e-01
6.986025e-01  6.019515e-02
9.919095e-01  1.524098e-01
7.626889e-01  7.740641e-02
1.236031e+00  1.213256e-01
9.550359e-01  1.197403e-01
9.372163e-01  6.158055e-02
1.118228e+00  1.875807e-01
1.077406e+00  1.669714e-01
7.743798e-01  1.068951e-01
9.691459e-01  8.278163e-02
6.693411e-01  1.024517e-01
9.733217e-01  1.413722e-01
9.995610e-01  1.348125e-01
7.337832e-01  7.460932e-02
6.552125e-01  1.040282e-01
1.114903e+00  1.678736e-01
9.746982e-01  1.443824e-01
9.770457e-01  1.433929e-01
7.825523e-01  4.602448e-02
9.890440e-01  1.335590e-01
1.184659e+00  9.024727e-02
6.670503e-01  9.382241e-02
8.551032e-01  6.550679e-02
8.791386e-01  8.433435e-03
1.099297e+00  2.955206e-01
1.256523e+00  2.531824e-01
9.056215e-01  4.644420e-02
1.050150e+00  1.580440e-01
1.082791e+00  8.074454e-02
6.763010e-01  8.794424e-02
8.895006e-01  1.154488e-01
9.612272e-01  1.742976e-01
7.824655e-01  -1.562017e-03
1.025291e+00  2.063487e-01
6.052528e-01  1.007040e-01
1.021423e+00  1.530928e-01
1.094305e+00  1.611445e-01
1.050150e+00  1.580440e-01
8.567209e-01  4.240110e-02
8.895006e-01  1.154488e-01
1.082791e+00  8.074454e-02
6.763010e-01  8.794424e-02
8.551032e-01  6.550679e-02
1.256523e+00  2.531824e-01
9.056215e-01  4.644420e-02
1.099297e+00  2.955206e-01
6.052528e-01  1.007040e-01
1.094305e+00  1.611445e-01
1.170527e+00  9.261620e-02
1.021423e+00  1.530928e-01
9.612272e-01  1.742976e-01
8.052226e-01  9.098082e-03
1.025291e+00  2.063487e-01
7.824655e-01  -1.562017e-03
1.077406e+00  1.669714e-01
9.691459e-01  8.278163e-02
6.693411e-01  1.024517e-01
8.981477e-01  6.951527e-02
7.743798e-01  1.068951e-01
7.626889e-01  7.740641e-02
1.118228e+00  1.875807e-01
1.236031e+00  1.213256e-01
9.550359e-01  1.197403e-01
6.552125e-01  1.040282e-01
1.207071e+00  1.041253e-01
9.746982e-01  1.443824e-01
1.114903e+00  1.678736e-01
9.733217e-01  1.413722e-01
7.337832e-01  7.460932e-02
7.501478e-01  5.567512e-02
9.995610e-01  1.348125e-01
7.831635e-01  -5.105052e-02
1.160914e+00  4.762226e-02
1.104074e+00  2.392747e-01
1.237439e+00  1.997895e-01
1.020364e+00  1.043405e-01
1.082972e+00  -1.005723e-03
1.272823e+00  -7.908718e-02
1.133593e+00  -1.120765e-01
1.291392e+00  -6.764838e-02
1.159825e+00  -1.214155e-01
1.088036e+00  -1.438123e-01
1.132362e+00  -1.590177e-01
1.315713e+00  -1.182178e-01
1.136052e+00  -1.003277e-01
6.843424e-01  8.235573e-02
1.166819e+00  8.867543e-02
1.038276e+00  1.389914e-01
1.045244e+00  7.888575e-02
1.103536e+00  1.523766e-01
8.827463e-01  1.322066e-01
1.250612e+00  9.835505e-02
7.546648e-01  1.046279e-01
7.202690e-01  6.254168e-02
1.056957e+00  1.550068e-01
7.725855e-01  1.107045e-01
8.385011e-01  7.070791e-02
1.111279e+00  1.551326e-01
8.823387e-01  1.182587e-01
7.725855e-01  1.107045e-01
1.254076e+00  9.713014e-02
8.823387e-01  1.182587e-01
8.385011e-01  7.070791e-02
1.111279e+00  1.551326e-01
8.827463e-01  1.322066e-01
7.202690e-01  6.254168e-02
1.056957e+00  1.550068e-01
7.546648e-01  1.046279e-01
1.088036e+00  -1.438123e-01
1.315713e+00  -1.182178e-01
1.136052e+00  -1.003277e-01
1.263407e+00  -5.674090e-02
1.132362e+00  -1.590177e-01
1.082972e+00  -1.005723e-03
1.159825e+00  -1.214155e-01
1.272823e+00  -7.908718e-02
1.133593e+00  -1.120765e-01
1.034908e+00  1.680474e-01
8.822558e-01  -8.906035e-02
1.005298e+00  1.722282e-01
1.238136e+00  2.028425e-01
9.344357e-01  -1.061996e-01
1.080781e+00  1.830683e-01
1.051291e+00  -7.907919e-02
9.622837e-01  -4.499204e-03
1.222605e+00  2.658755e-02
1.056022e+00  -1.038221e-01
9.923283e-01  1.468135e-01
9.890440e-01  1.335590e-01
6.670503e-01  9.382241e-02
1.181272e+00  1.250742e-01
1.115347e+00  1.240500e-01
7.994823e-01  7.959926e-02
7.824723e-01  2.804123e-02
1.200639e+00  1.731845e-01
7.294682e-01  7.564249e-02
1.134674e+00  1.391918e-01
1.182900e+00  1.365164e-01
1.145563e+00  1.378881e-01
7.079635e-01  9.138149e-02
1.007158e+00  -1.074186e-02
1.115691e+00  2.192316e-01
9.363328e-01  -4.488633e-02
1.176894e+00  2.177027e-01
8.719068e-01  -2.935329e-02
1.128754e+00  1.655461e-01
1.171837e+00  3.468939e-02
1.252446e+00  2.095285e-01
8.615380e-01  8.031479e-02
9.835062e-01  9.153085e-02
1.270108e+00  1.730353e-01
1.208616e+00  2.742015e-01
8.813006e-01  2.880966e-02
1.070672e+00  1.771977e-01
6.630586e-01  9.745244e-02
1.019566e+00  8.391197e-02
7.756520e-01  1.211366e-01
1.014920e+00  1.019398e-01
1.110124e+00  1.583615e-01
9.511966e-01  1.055167e-01
1.265583e+00  1.550742e-01
8.190362e-01  9.818524e-02
8.290649e-01  8.846067e-02
9.604426e-01  1.110543e-01
1.052723e+00  2.776523e-01
7.139889e-01  4.209990e-02
1.115038e+00  1.112411e-01
9.370115e-01  1.517918e-01
8.701207e-01  -4.047625e-02
1.075935e+00  1.116473e-01
1.084789e+00  1.501615e-01
9.710437e-01  -1.112453e-01
1.065936e+00  2.326916e-01
7.632241e-01  1.723360e-02
9.582158e-01  1.205288e-01
1.241630e+00  2.306473e-01
1.115839e+00  2.802690e-01
1.018372e+00  4.492811e-02
1.222687e+00  1.615571e-01
8.134351e-01  7.504729e-02
1.076315e+00  1.428322e-01
7.342714e-01  1.042119e-02
9.515084e-01  1.588815e-01
6.478140e-01  1.008927e-01
9.919095e-01  1.524098e-01
7.824723e-01  2.804123e-02
1.142304e+00  1.346325e-01
1.200639e+00  1.731845e-01
1.181272e+00  1.250742e-01
7.994823e-01  7.959926e-02
1.145563e+00  1.378881e-01
1.125292e+00  1.459741e-01
7.079635e-01  9.138149e-02
7.294682e-01  7.564249e-02
1.182900e+00  1.365164e-01
1.076955e+00  5.811909e-02
9.926965e-01  -1.221586e-01
1.113133e+00  4.778741e-02
8.025867e-01  4.186317e-02
1.108813e+00  1.503755e-01
1.225674e+00  2.166852e-01
1.126955e+00  1.877324e-01
8.410101e-01  -3.370344e-02
1.205712e+00  2.369623e-01
1.112840e+00  -9.054756e-02
1.177923e+00  4.755076e-02
1.264062e+00  -9.599482e-02
1.275190e+00  4.951761e-02
1.014195e+00  1.623508e-01
9.077538e-01  1.364964e-01
6.563796e-01  9.086590e-02
1.149494e+00  8.964146e-02
1.035578e+00  1.255852e-01
1.220148e+00  1.584328e-01
7.144284e-01  9.359455e-02
7.085708e-01  8.308617e-02
1.072144e+00  1.359288e-01
1.133666e+00  1.505013e-01
1.055179e+00  1.509029e-01
1.076991e+00  2.618265e-01
9.969289e-01  4.045542e-02
1.092350e+00  -7.792170e-02
8.022506e-01  -4.572064e-02
1.092798e+00  5.584128e-02
1.246326e+00  -1.408086e-01
1.117189e+00  6.987627e-02
1.041068e+00  1.129922e-01
1.106406e+00  2.535877e-01
6.961846e-01  6.578969e-02
1.095542e+00  1.608849e-01
1.082990e+00  8.550374e-02
1.024093e+00  1.373588e-01
1.190545e+00  1.136551e-01
1.099911e+00  1.167220e-01
6.995169e-01  7.458774e-02
1.181035e+00  1.245157e-01
7.158430e-01  8.759485e-02
1.014195e+00  1.623508e-01
6.563796e-01  9.086590e-02
9.077538e-01  1.364964e-01
8.239905e-01  -1.046407e-02
1.225674e+00  2.166852e-01
1.108813e+00  1.503755e-01
1.133666e+00  1.505013e-01
8.115492e-01  3.567629e-02
1.035578e+00  1.255852e-01
1.220148e+00  1.584328e-01
7.144284e-01  9.359455e-02
7.085708e-01  8.308617e-02
1.072144e+00  1.359288e-01
1.076955e+00  5.811909e-02
1.113133e+00  4.778741e-02
9.926965e-01  -1.221586e-01
1.230804e+00  7.160766e-02
1.205712e+00  2.369623e-01
1.112840e+00  -9.054756e-02
1.177923e+00  4.755076e-02
1.264062e+00  -9.599482e-02
1.275190e+00  4.951761e-02
1.126955e+00  1.877324e-01
1.077663e+00  2.115428e-01
6.961846e-01  6.578969e-02
1.024093e+00  1.373588e-01
1.190545e+00  1.136551e-01
1.181035e+00  1.245157e-01
7.158430e-01  8.759485e-02
1.076991e+00  2.618265e-01
9.969289e-01  4.045542e-02
1.092350e+00  -7.792170e-02
1.246326e+00  -1.408086e-01
1.117189e+00  6.987627e-02
1.070672e+00  1.771977e-01
7.756520e-01  1.211366e-01
6.630586e-01  9.745244e-02
9.511966e-01  1.055167e-01
1.265583e+00  1.550742e-01
8.190362e-01  9.818524e-02
8.290649e-01  8.846067e-02
9.604426e-01  1.110543e-01
8.913617e-01  6.545409e-02
1.270108e+00  1.730353e-01
9.835062e-01  9.153085e-02
1.014920e+00  1.019398e-01
8.591357e-01  6.820503e-02
1.007158e+00  -1.074186e-02
9.363328e-01  -4.488633e-02
1.257612e+00  2.144683e-01
1.115691e+00  2.192316e-01
1.208616e+00  2.742015e-01
9.660579e-01  9.330914e-02
1.176894e+00  2.177027e-01
8.719068e-01  -2.935329e-02
1.128754e+00  1.655461e-01
1.171837e+00  3.468939e-02
1.252446e+00  2.095285e-01
7.632241e-01  1.723360e-02
9.582158e-01  1.205288e-01
1.241630e+00  2.306473e-01
1.222687e+00  1.615571e-01
8.134351e-01  7.504729e-02
1.052723e+00  2.776523e-01
9.370115e-01  1.517918e-01
8.701207e-01  -4.047625e-02
9.710437e-01  -1.112453e-01
1.065936e+00  2.326916e-01
6.492189e-01  9.583025e-02
9.081782e-01  6.007574e-03
1.034808e+00  -4.824466e-02
1.231526e+00  -1.442193e-01
1.310731e+00  -1.459914e-01
1.277715e+00  -1.275615e-01
1.223763e+00  4.386648e-02
1.285593e+00  -2.002706e-02
1.051078e+00  -1.087406e-01
1.128885e+00  -4.026099e-02
1.258750e+00  4.871564e-02
1.254031e+00  -1.044411e-01
1.148237e+00  -1.197747e-01
9.078539e-01  -9.307813e-02
9.717542e-01  1.863568e-01
1.036357e+00  2.136878e-01
1.222575e+00  1.673670e-01
1.029790e+00  1.056336e-01
8.960681e-01  6.486668e-02
8.616055e-01  -4.475491e-02
1.254021e+00  3.042624e-01
8.880045e-01  9.296536e-02
1.104043e+00  3.174492e-01
9.135428e-01  -5.333007e-02
9.977781e-01  2.389115e-02
8.548765e-01  1.756385e-02
8.880045e-01  9.296536e-02
1.104043e+00  3.174492e-01
1.215132e+00  1.548132e-01
8.960681e-01  6.486668e-02
1.029790e+00  1.056336e-01
9.977781e-01  2.389115e-02
1.270738e+00  3.332893e-01
9.717542e-01  1.863568e-01
1.036357e+00  2.136878e-01
8.114298e-01  -2.332691e-02
8.616055e-01  -4.475491e-02
9.496775e-01  1.551817e-01
1.051078e+00  -1.087406e-01
1.128885e+00  -4.026099e-02
1.271832e+00  -1.411839e-01
1.277715e+00  -1.275615e-01
1.310731e+00  -1.459914e-01
1.254031e+00  -1.044411e-01
1.276383e+00  -1.160748e-02
9.081782e-01  6.007574e-03
1.034808e+00  -4.824466e-02
1.257803e+00  2.172930e-01
1.223763e+00  4.386648e-02
1.074952e+00  -1.298571e-01
1.071272e+00  1.773379e-01
9.895357e-01  1.543733e-01
9.515084e-01  1.588815e-01
1.213614e+00  9.351395e-02
6.422506e-01  1.069582e-01
7.266173e-01  5.375059e-02
9.505495e-01  1.477199e-01
7.420891e-01  9.428652e-02
1.237861e+00  8.619115e-02
9.470897e-01  1.294062e-01
9.254035e-01  6.380482e-02
1.089322e+00  1.599302e-01
1.078933e+00  1.668801e-01
7.290485e-01  1.063739e-01
9.708291e-01  7.415570e-02
6.470827e-01  1.049385e-01
9.545438e-01  1.359022e-01
9.671133e-01  1.416840e-01
7.229251e-01  9.385192e-02
6.347050e-01  1.077917e-01
1.088982e+00  1.798480e-01
9.622704e-01  1.604802e-01
9.923283e-01  1.468135e-01
8.073238e-01  2.899214e-02
9.372541e-01  1.399682e-01
1.184494e+00  8.275650e-02
6.717490e-01  9.294322e-02
8.168972e-01  8.021294e-02
8.916908e-01  3.446152e-02
1.073453e+00  2.368155e-01
1.259916e+00  1.683509e-01
9.025426e-01  9.852850e-02
1.059575e+00  1.687237e-01
1.074221e+00  7.133832e-02
6.700302e-01  8.867470e-02
8.297856e-01  1.118369e-01
9.318622e-01  1.445318e-01
7.847609e-01  4.922988e-02
1.006759e+00  1.842595e-01
6.380867e-01  9.743420e-02
1.012264e+00  1.461932e-01
1.074666e+00  1.551428e-01
1.059575e+00  1.687237e-01
8.916908e-01  3.446152e-02
8.297856e-01  1.118369e-01
1.074221e+00  7.133832e-02
6.700302e-01  8.867470e-02
8.168972e-01  8.021294e-02
1.259916e+00  1.683509e-01
9.025426e-01  9.852850e-02
1.073453e+00  2.368155e-01
6.380867e-01  9.743420e-02
1.074666e+00  1.551428e-01
1.184494e+00  8.275650e-02
1.012264e+00  1.461932e-01
9.318622e-01  1.445318e-01
8.073238e-01  2.899214e-02
1.006759e+00  1.842595e-01
7.847609e-01  4.922988e-02
1.078933e+00  1.668801e-01
9.708291e-01  7.415570e-02
6.470827e-01  1.049385e-01
9.254035e-01  6.380482e-02
7.290485e-01  1.063739e-01
7.420891e-01  9.428652e-02
1.089322e+00  1.599302e-01
1.237861e+00  8.619115e-02
9.470897e-01  1.294062e-01
6.347050e-01  1.077917e-01
1.213614e+00  9.351395e-02
9.622704e-01  1.604802e-01
1.088982e+00  1.798480e-01
9.545438e-01  1.359022e-01
7.229251e-01  9.385192e-02
7.266173e-01  5.375059e-02
9.671133e-01  1.416840e-01
9.078539e-01  -9.307813e-02
1.236830e+00  -2.352542e-03
1.086655e+00  1.496059e-01
1.261889e+00  1.329630e-01
1.034620e+00  3.025841e-02
1.082567e+00  -1.751008e-03
1.261240e+00  -1.162961e-01
1.096792e+00  -5.451969e-02
1.276782e+00  3.102560e-03
1.140783e+00  -1.570826e-01
1.115935e+00  -1.348500e-01
1.106298e+00  -1.041864e-01
1.299018e+00  -9.519201e-02
1.095467e+00  -2.053650e-02
6.492189e-01  9.583025e-02
1.164272e+00  8.555187e-02
1.019088e+00  1.509720e-01
1.035983e+00  7.809955e-02
1.078818e+00  1.612786e-01
8.660592e-01  1.415673e-01
1.260282e+00  9.700973e-02
7.388609e-01  1.186418e-01
7.175727e-01  5.674986e-02
1.019985e+00  1.691238e-01
7.440666e-01  1.195471e-01
8.305725e-01  6.573190e-02
1.079536e+00  1.759608e-01
8.676656e-01  1.375255e-01
7.440666e-01  1.195471e-01
1.260282e+00  9.700973e-02
8.676656e-01  1.375255e-01
8.305725e-01  6.573190e-02
1.079536e+00  1.759608e-01
8.660592e-01  1.415673e-01
7.175727e-01  5.674986e-02
1.019985e+00  1.691238e-01
7.388609e-01  1.186418e-01
1.115935e+00  -1.348500e-01
1.299018e+00  -9.519201e-02
1.095467e+00  -2.053650e-02
1.276782e+00  3.102560e-03
1.106298e+00  -1.041864e-01
1.082567e+00  -1.751008e-03
1.140783e+00  -1.570826e-01
1.261240e+00  -1.162961e-01
1.096792e+00  -5.451969e-02
9.895357e-01  1.543733e-01
8.396799e-01  -6.180432e-02
9.892013e-01  2.345897e-01
1.257726e+00  2.563620e-01
8.582061e-01  -6.496774e-02
1.071272e+00  1.773379e-01
9.875936e-01  -1.016081e-01
9.457634e-01  6.477505e-02
1.236179e+00  1.046791e-01
9.897064e-01  -1.213623e-01
9.770457e-01  1.433929e-01
1.007606e+00  1.291867e-01
7.432683e-01  5.760612e-02
6.554368e-01  9.267371e-02
1.156387e+00  9.932403e-02
1.169136e+00  1.236850e-01
6.612853e-01  9.424740e-02
9.595997e-01  1.467640e-01
1.141219e+00  1.196074e-01
7.455453e-01  8.822500e-02
7.616690e-01  6.453661e-02
1.174045e+00  1.448748e-01
9.801104e-01  1.400452e-01
6.809728e-01  8.080180e-02
1.138562e+00  1.370825e-01
1.158399e+00  1.613398e-01
1.002873e+00  1.479847e-01
9.599944e-01  1.558511e-01
1.145606e+00  1.383786e-01
9.780624e-01  1.551706e-01
6.760450e-01  9.560449e-02
9.149505e-01  -1.396504e-03
1.127390e+00  3.012587e-01
1.041142e+00  -4.890877e-02
9.071462e-01  1.365584e-02
1.235015e+00  2.771125e-01
1.201265e+00  2.663852e-01
9.520285e-01  1.011304e-01
7.531583e-01  3.449485e-02
9.375871e-01  -3.061730e-02
1.037799e+00  1.117404e-01
1.078182e+00  2.579398e-02
1.222740e+00  3.088328e-01
8.988019e-01  -2.897702e-02
8.913617e-01  6.545409e-02
9.787590e-01  5.343184e-02
1.238729e+00  2.618346e-01
1.126367e+00  2.507804e-01
7.986010e-01  9.349097e-02
1.223180e+00  3.021397e-01
8.873563e-01  3.965604e-02
8.851607e-01  4.386834e-02
1.072183e+00  1.734589e-01
6.824884e-01  9.323619e-02
9.735273e-01  8.549799e-02
7.834873e-01  1.151356e-01
7.931658e-01  7.543853e-02
9.846386e-01  9.878295e-02
1.278524e+00  1.345928e-01
8.443707e-01  9.441871e-02
1.082237e+00  1.558082e-01
9.321783e-01  1.119296e-01
1.278378e+00  1.538792e-01
7.956133e-01  1.112446e-01
6.706463e-01  9.773824e-02
1.086080e+00  1.785519e-01
7.940763e-01  9.442811e-02
1.082535e+00  1.776233e-01
9.397360e-01  1.304502e-01
1.033104e+00  2.378114e-01
7.170775e-01  5.186862e-02
1.110598e+00  1.190967e-01
9.788645e-01  1.707789e-01
8.098590e-01  -2.377461e-02
1.099911e+00  1.167220e-01
1.199870e+00  1.325773e-01
7.643506e-01  8.243005e-02
1.040073e+00  1.671802e-01
8.307008e-01  -5.465312e-02
1.026377e+00  2.628181e-01
1.179210e+00  1.864269e-01
1.163771e+00  2.331306e-01
7.366002e-01  5.582617e-02
9.706237e-01  1.166417e-01
1.217015e+00  1.635319e-01
1.122837e+00  1.950457e-01
1.013662e+00  7.281384e-02
1.215302e+00  1.505038e-01
8.479581e-01  8.125080e-02
9.742607e-01  1.129786e-01
7.537489e-01  7.622898e-02
1.041068e+00  1.129922e-01
7.219266e-01  5.727587e-02
8.342269e-01  6.804735e-02
1.197559e+00  1.808790e-01
9.496309e-01  1.597495e-01
6.612853e-01  9.424740e-02
1.170621e+00  1.079706e-01
1.002873e+00  1.479847e-01
6.742065e-01  6.426035e-02
7.616690e-01  6.453661e-02
1.007606e+00  1.291867e-01
9.801104e-01  1.400452e-01
1.141219e+00  1.196074e-01
1.174045e+00  1.448748e-01
1.169136e+00  1.236850e-01
7.455453e-01  8.822500e-02
9.595997e-01  1.467640e-01
1.145606e+00  1.383786e-01
1.138562e+00  1.370825e-01
6.760450e-01  9.560449e-02
6.554368e-01  9.267371e-02
9.780624e-01  1.551706e-01
6.809728e-01  8.080180e-02
9.599944e-01  1.558511e-01
1.158399e+00  1.613398e-01
1.051695e+00  5.415219e-02
9.304949e-01  -9.771253e-02
1.208249e+00  1.516808e-01
1.114335e+00  1.444690e-01
1.172776e+00  -1.266790e-01
8.239905e-01  -1.046407e-02
1.099350e+00  2.996173e-01
8.998654e-01  1.351905e-01
1.132473e+00  1.142455e-01
1.207418e+00  2.909073e-01
1.173881e+00  2.238578e-01
8.606578e-01  -5.385740e-02
1.024209e+00  1.156877e-01
1.224447e+00  2.506803e-01
1.167526e+00  -3.409656e-02
1.116026e+00  -3.604499e-02
9.337714e-01  -2.267898e-02
8.849796e-01  -2.644688e-02
1.210787e+00  -9.907771e-02
1.073358e+00  -9.839090e-03
1.239152e+00  1.574378e-01
1.021591e+00  1.548485e-01
9.146286e-01  1.247849e-01
7.130412e-01  6.547586e-02
6.778485e-01  8.292482e-02
1.105483e+00  9.096826e-02
1.043788e+00  1.212218e-01
6.660838e-01  8.614456e-02
1.055176e+00  1.561545e-01
1.231021e+00  1.383166e-01
7.122006e-01  9.880481e-02
6.938103e-01  8.407315e-02
1.060423e+00  1.477756e-01
1.033885e+00  1.655809e-01
1.108659e+00  1.221843e-01
1.033217e+00  1.473538e-01
1.229991e+00  1.423378e-01
7.906395e-01  6.632702e-02
1.060548e+00  2.557277e-01
1.018132e+00  1.193092e-01
1.001380e+00  -1.017466e-01
7.726051e-01  -4.420046e-02
1.098023e+00  1.161375e-01
1.102126e+00  -1.289132e-01
1.210354e+00  1.457882e-01
1.207457e+00  1.387714e-01
1.066010e+00  1.751380e-01
1.076315e+00  1.428322e-01
1.061068e+00  2.674500e-01
1.214889e+00  2.263891e-01
8.068676e-01  1.602206e-02
6.739811e-01  8.707714e-02
1.100846e+00  1.411759e-01
1.070244e+00  8.613811e-02
1.025934e+00  1.324388e-01
1.170878e+00  9.735786e-02
1.075935e+00  1.116473e-01
7.346018e-01  8.442748e-02
1.160024e+00  1.464210e-01
6.649526e-01  8.923990e-02
1.168912e+00  1.245124e-01
6.659370e-01  9.345059e-02
7.321464e-01  8.588186e-02
1.048627e+00  1.385562e-01
1.021591e+00  1.548485e-01
6.778485e-01  8.292482e-02
1.105483e+00  9.096826e-02
9.146286e-01  1.247849e-01
7.130412e-01  6.547586e-02
8.025867e-01  4.186317e-02
9.184481e-01  1.142401e-01
1.054013e+00  1.839693e-01
1.229991e+00  1.423378e-01
1.096337e+00  1.417109e-01
1.108659e+00  1.221843e-01
7.906395e-01  6.632702e-02
1.033217e+00  1.473538e-01
1.043788e+00  1.212218e-01
1.231021e+00  1.383166e-01
7.122006e-01  9.880481e-02
6.660838e-01  8.614456e-02
1.055176e+00  1.561545e-01
6.938103e-01  8.407315e-02
1.033885e+00  1.655809e-01
1.060423e+00  1.477756e-01
1.051695e+00  5.415219e-02
1.114335e+00  1.444690e-01
1.172776e+00  -1.266790e-01
9.304949e-01  -9.771253e-02
1.208249e+00  1.516808e-01
1.224447e+00  2.506803e-01
9.337714e-01  -2.267898e-02
8.849796e-01  -2.644688e-02
1.167526e+00  -3.409656e-02
1.116026e+00  -3.604499e-02
1.210787e+00  -9.907771e-02
1.239152e+00  1.574378e-01
1.073358e+00  -9.839090e-03
1.173881e+00  2.238578e-01
1.024209e+00  1.156877e-01
1.132473e+00  1.142455e-01
8.606578e-01  -5.385740e-02
6.739811e-01  8.707714e-02
1.025934e+00  1.324388e-01
1.170878e+00  9.735786e-02
1.100846e+00  1.411759e-01
1.070244e+00  8.613811e-02
1.168912e+00  1.245124e-01
7.321464e-01  8.588186e-02
1.048627e+00  1.385562e-01
6.659370e-01  9.345059e-02
1.060548e+00  2.557277e-01
7.726051e-01  -4.420046e-02
1.098023e+00  1.161375e-01
1.018132e+00  1.193092e-01
1.001380e+00  -1.017466e-01
1.102126e+00  -1.289132e-01
1.066010e+00  1.751380e-01
1.210354e+00  1.457882e-01
1.207457e+00  1.387714e-01
1.072183e+00  1.734589e-01
7.834873e-01  1.151356e-01
7.931658e-01  7.543853e-02
6.824884e-01  9.323619e-02
9.735273e-01  8.549799e-02
9.321783e-01  1.119296e-01
6.706463e-01  9.773824e-02
1.086080e+00  1.785519e-01
1.278378e+00  1.538792e-01
7.956133e-01  1.112446e-01
7.940763e-01  9.442811e-02
9.397360e-01  1.304502e-01
1.082535e+00  1.776233e-01
8.615380e-01  8.031479e-02
1.278524e+00  1.345928e-01
9.740686e-01  1.114427e-01
7.939072e-01  1.049737e-01
1.086496e+00  1.563840e-01
9.846386e-01  9.878295e-02
1.082237e+00  1.558082e-01
8.443707e-01  9.441871e-02
9.149505e-01  -1.396504e-03
9.071462e-01  1.365584e-02
1.235015e+00  2.771125e-01
1.127390e+00  3.012587e-01
1.041142e+00  -4.890877e-02
1.223180e+00  3.021397e-01
9.787590e-01  5.343184e-02
8.851607e-01  4.386834e-02
8.873563e-01  3.965604e-02
1.201265e+00  2.663852e-01
9.375871e-01  -3.061730e-02
1.037799e+00  1.117404e-01
9.520285e-01  1.011304e-01
7.531583e-01  3.449485e-02
1.078182e+00  2.579398e-02
8.988019e-01  -2.897702e-02
1.222740e+00  3.088328e-01
7.366002e-01  5.582617e-02
1.122837e+00  1.950457e-01
1.013662e+00  7.281384e-02
9.706237e-01  1.166417e-01
1.217015e+00  1.635319e-01
1.215302e+00  1.505038e-01
7.537489e-01  7.622898e-02
8.479581e-01  8.125080e-02
9.742607e-01  1.129786e-01
1.033104e+00  2.378114e-01
9.788645e-01  1.707789e-01
8.098590e-01  -2.377461e-02
7.170775e-01  5.186862e-02
1.110598e+00  1.190967e-01
8.307008e-01  -5.465312e-02
1.179210e+00  1.864269e-01
1.163771e+00  2.331306e-01
1.026377e+00  2.628181e-01
6.843424e-01  8.235573e-02
1.046192e+00  1.509370e-01
1.162065e+00  1.108212e-01
1.113978e+00  1.827650e-01
1.049845e+00  8.360624e-02
1.001090e+00  -6.535263e-03
1.107681e+00  1.342246e-01
1.065127e+00  -1.133904e-01
1.110411e+00  -1.036812e-01
1.235430e+00  1.412324e-01
1.271832e+00  -1.411839e-01
1.315367e+00  -7.838779e-02
1.239490e+00  -4.658080e-02
1.147162e+00  -4.642789e-02
1.102121e+00  -8.384158e-02
1.227424e+00  5.384102e-02
1.075877e+00  -9.776263e-02
1.276051e+00  -1.098282e-01
1.116498e+00  -1.258968e-01
1.147318e+00  -1.081702e-01
1.241975e+00  -1.164819e-02
1.132890e+00  -2.575886e-02
1.271270e+00  -1.020695e-01
1.255618e+00  -9.960628e-02
1.308994e+00  -1.534994e-01
1.240176e+00  -1.101500e-01
1.141249e+00  -1.600607e-01
7.831635e-01  -5.105052e-02
1.105339e+00  2.640185e-01
1.100836e+00  9.891670e-02
1.014977e+00  1.445383e-01
1.202515e+00  2.353394e-01
9.478581e-01  1.524471e-01
1.063723e+00  1.783198e-01
7.974958e-01  1.495755e-02
7.488110e-01  7.872353e-02
1.194210e+00  1.226784e-01
1.215132e+00  1.548132e-01
7.700867e-01  8.943317e-02
8.956123e-01  1.200522e-01
1.076814e+00  1.092117e-01
8.274357e-01  6.749579e-02
8.115394e-01  1.584783e-02
1.219741e+00  2.287558e-01
9.323560e-01  1.576420e-01
8.468646e-01  9.490942e-02
8.551791e-01  7.657044e-02
1.233467e+00  2.039428e-01
1.120067e+00  2.571294e-01
8.906153e-01  3.162474e-03
9.280250e-01  4.173267e-02
8.202817e-01  8.033795e-02
9.435804e-01  6.574302e-02
1.237011e+00  2.785483e-01
8.468646e-01  9.490942e-02
1.120067e+00  2.571294e-01
8.906153e-01  3.162474e-03
8.551791e-01  7.657044e-02
1.233467e+00  2.039428e-01
1.222575e+00  1.673670e-01
8.924614e-01  1.013079e-01
7.839457e-01  9.641193e-02
9.435804e-01  6.574302e-02
9.453915e-01  9.472066e-02
9.280250e-01  4.173267e-02
1.237011e+00  2.785483e-01
8.202817e-01  8.033795e-02
9.478581e-01  1.524471e-01
7.488110e-01  7.872353e-02
1.194210e+00  1.226784e-01
1.063723e+00  1.783198e-01
7.974958e-01  1.495755e-02
8.115394e-01  1.584783e-02
9.323560e-01  1.576420e-01
1.076814e+00  1.092117e-01
1.219741e+00  2.287558e-01
1.116498e+00  -1.258968e-01
1.132890e+00  -2.575886e-02
1.271270e+00  -1.020695e-01
1.147318e+00  -1.081702e-01
1.241975e+00  -1.164819e-02
1.231526e+00  -1.442193e-01
1.308994e+00  -1.534994e-01
1.254003e+00  -1.681630e-01
1.132196e+00  -1.618514e-01
1.091725e+00  -1.799197e-01
1.255618e+00  -9.960628e-02
1.141249e+00  -1.600607e-01
1.240176e+00  -1.101500e-01
1.001090e+00  -6.535263e-03
1.110411e+00  -1.036812e-01
1.235430e+00  1.412324e-01
1.107681e+00  1.342246e-01
1.065127e+00  -1.133904e-01
1.227424e+00  5.384102e-02
1.315367e+00  -7.838779e-02
1.276051e+00  -1.098282e-01
1.075877e+00  -9.776263e-02
1.080781e+00  1.830683e-01
9.452388e-01  -5.446132e-02
1.075446e+00  -3.554898e-02
1.079046e+00  -5.439668e-02
1.190093e+00  -4.381915e-02
1.034908e+00  1.680474e-01
9.977499e-01  9.251204e-02
9.330645e-01  -9.813005e-02
1.008218e+00  -1.210737e-01
1.199193e+00  1.201583e-01
9.539752e-01  1.553163e-01
1.170621e+00  1.079706e-01
6.742065e-01  6.426035e-02
1.207071e+00  1.041253e-01
9.890360e-01  1.536860e-01
6.660635e-01  1.029834e-01
6.761457e-01  9.752210e-02
1.214825e+00  1.027771e-01
7.501478e-01  5.567512e-02
9.966204e-01  1.470840e-01
1.007674e+00  1.402303e-01
9.998932e-01  1.455887e-01
7.271578e-01  6.211326e-02
7.827960e-01  5.279062e-02
1.221911e+00  1.908748e-01
9.329724e-01  5.136227e-02
1.221791e+00  1.053278e-01
7.666240e-01  6.978498e-02
9.936779e-01  1.329317e-01
9.813269e-01  1.353499e-01
1.234902e+00  1.598444e-01
8.981477e-01  6.951527e-02
7.977550e-01  9.871330e-02
1.126540e+00  1.567381e-01
1.114596e+00  1.824637e-01
9.190665e-01  6.305252e-02
1.075685e+00  1.684628e-01
8.460341e-01  7.206227e-02
7.939072e-01  1.049737e-01
9.379354e-01  8.751053e-02
8.071403e-01  1.006999e-01
1.086496e+00  1.563840e-01
9.624931e-01  8.446286e-02
1.125402e+00  1.772403e-01
6.686212e-01  1.057925e-01
6.635104e-01  1.032536e-01
9.698443e-01  8.853903e-02
9.925360e-01  1.595280e-01
7.596475e-01  5.202510e-02
9.986602e-01  1.324005e-01
1.177714e+00  1.290780e-01
7.341344e-01  5.073791e-02
9.815065e-01  1.349558e-01
9.942017e-01  1.416089e-01
7.494408e-01  3.994473e-02
9.783232e-01  1.529091e-01
6.919635e-01  9.629277e-02
9.711523e-01  8.592729e-02
1.124404e+00  1.454240e-01
1.195893e+00  1.008615e-01
9.871980e-01  1.248963e-01
1.116010e+00  1.663888e-01
6.739435e-01  1.034076e-01
9.884491e-01  1.370262e-01
6.752362e-01  9.734016e-02
9.636777e-01  1.479185e-01
7.432683e-01  5.760612e-02
1.156387e+00  9.932403e-02
8.052226e-01  9.098082e-03
1.029319e+00  1.540022e-01
1.002303e+00  1.643567e-01
1.009540e+00  1.484816e-01
8.009211e-01  3.234736e-02
1.170527e+00  9.261620e-02
1.027141e+00  1.479448e-01
6.489968e-01  9.800430e-02
6.326789e-01  9.782142e-02
1.184668e+00  1.035446e-01
9.202917e-01  5.479616e-02
8.742934e-01  -3.315204e-02
1.235529e+00  2.854037e-01
8.567209e-01  4.240110e-02
8.919090e-01  1.199930e-01
1.102239e+00  2.102330e-01
1.080637e+00  2.595146e-01
8.548241e-01  1.526074e-02
1.242832e+00  2.261295e-01
8.406872e-01  4.458365e-03
9.623387e-01  9.939540e-02
9.710269e-01  3.661356e-02
1.258679e+00  2.755169e-01
1.040279e+00  1.522491e-01
1.060708e+00  8.693454e-02
8.052191e-01  4.995515e-02
9.184481e-01  1.142401e-01
1.056806e+00  8.338997e-02
1.101770e+00  1.527548e-01
6.538335e-01  9.603168e-02
6.337028e-01  9.457144e-02
1.075541e+00  9.102298e-02
9.136426e-01  1.308688e-01
1.054013e+00  1.839693e-01
9.966636e-01  2.074508e-01
1.197797e+00  2.412587e-01
8.008530e-01  -5.135731e-02
7.951637e-01  -1.771552e-02
1.011181e+00  2.040005e-01
8.567564e-01  -5.381481e-02
9.750276e-01  1.125591e-01
1.000602e+00  1.643638e-01
9.968962e-01  2.039826e-01
6.038665e-01  1.006067e-01
1.154936e+00  1.093571e-01
1.026292e+00  1.511498e-01
1.043215e+00  9.838444e-02
1.101403e+00  1.624516e-01
1.016509e+00  1.580087e-01
6.050051e-01  9.997316e-02
1.091069e+00  1.651073e-01
6.061817e-01  9.981458e-02
1.040279e+00  1.522491e-01
8.052191e-01  4.995515e-02
1.060708e+00  8.693454e-02
8.791386e-01  8.433435e-03
1.102239e+00  2.102330e-01
8.919090e-01  1.199930e-01
9.136426e-01  1.308688e-01
8.548241e-01  1.526074e-02
1.056806e+00  8.338997e-02
1.101770e+00  1.527548e-01
6.538335e-01  9.603168e-02
6.337028e-01  9.457144e-02
1.075541e+00  9.102298e-02
9.202917e-01  5.479616e-02
1.235529e+00  2.854037e-01
8.742934e-01  -3.315204e-02
1.099350e+00  2.996173e-01
1.242832e+00  2.261295e-01
8.406872e-01  4.458365e-03
9.623387e-01  9.939540e-02
9.710269e-01  3.661356e-02
1.258679e+00  2.755169e-01
1.080637e+00  2.595146e-01
8.998654e-01  1.351905e-01
6.038665e-01  1.006067e-01
1.043215e+00  9.838444e-02
1.101403e+00  1.624516e-01
1.154936e+00  1.093571e-01
1.026292e+00  1.511498e-01
1.091069e+00  1.651073e-01
6.061817e-01  9.981458e-02
1.184659e+00  9.024727e-02
6.489968e-01  9.800430e-02
1.027141e+00  1.479448e-01
6.717490e-01  9.294322e-02
1.016509e+00  1.580087e-01
6.050051e-01  9.997316e-02
1.184668e+00  1.035446e-01
9.966636e-01  2.074508e-01
7.951637e-01  -1.771552e-02
1.011181e+00  2.040005e-01
1.197797e+00  2.412587e-01
8.008530e-01  -5.135731e-02
7.825523e-01  4.602448e-02
9.372541e-01  1.399682e-01
1.002303e+00  1.643567e-01
1.029319e+00  1.540022e-01
1.000602e+00  1.643638e-01
8.009211e-01  3.234736e-02
9.968962e-01  2.039826e-01
8.567564e-01  -5.381481e-02
9.750276e-01  1.125591e-01
1.075685e+00  1.684628e-01
9.379354e-01  8.751053e-02
8.460341e-01  7.206227e-02
9.624931e-01  8.446286e-02
1.125402e+00  1.772403e-01
6.686212e-01  1.057925e-01
6.635104e-01  1.032536e-01
9.698443e-01  8.853903e-02
9.372163e-01  6.158055e-02
1.126540e+00  1.567381e-01
7.977550e-01  9.871330e-02
8.071403e-01  1.006999e-01
9.190665e-01  6.305252e-02
7.827960e-01  5.279062e-02
9.329724e-01  5.136227e-02
1.126367e+00  2.507804e-01
1.221911e+00  1.908748e-01
1.114596e+00  1.824637e-01
7.986010e-01  9.349097e-02
1.221791e+00  1.053278e-01
7.666240e-01  6.978498e-02
9.936779e-01  1.329317e-01
9.813269e-01  1.353499e-01
1.234902e+00  1.598444e-01
6.919635e-01  9.629277e-02
1.195893e+00  1.008615e-01
9.871980e-01  1.248963e-01
9.711523e-01  8.592729e-02
1.124404e+00  1.454240e-01
1.205290e+00  1.058403e-01
6.422506e-01  1.069582e-01
6.660635e-01  1.029834e-01
9.890360e-01  1.536860e-01
9.884491e-01  1.370262e-01
1.214825e+00  1.027771e-01
6.752362e-01  9.734016e-02
1.116010e+00  1.663888e-01
6.739435e-01  1.034076e-01
9.925360e-01  1.595280e-01
1.177714e+00  1.290780e-01
7.341344e-01  5.073791e-02
7.596475e-01  5.202510e-02
9.986602e-01  1.324005e-01
7.494408e-01  3.994473e-02
9.783232e-01  1.529091e-01
6.986025e-01  6.019515e-02
1.007674e+00  1.402303e-01
9.966204e-01  1.470840e-01
9.505495e-01  1.477199e-01
9.815065e-01  1.349558e-01
9.942017e-01  1.416089e-01
7.271578e-01  6.211326e-02
7.175657e-01  5.776779e-03
1.100836e+00  9.891670e-02
1.105339e+00  2.640185e-01
1.202515e+00  2.353394e-01
1.014977e+00  1.445383e-01
1.230804e+00  7.160766e-02
1.022166e+00  -1.214825e-01
9.043876e-01  -9.368890e-02
1.103377e+00  1.326290e-01
1.077663e+00  2.115428e-01
1.193323e+00  1.286353e-01
7.528688e-01  -3.924735e-02
1.257612e+00  2.144683e-01
8.853826e-01  -6.919924e-02
9.962355e-01  2.605875e-02
9.814889e-01  -9.558891e-02
9.660579e-01  9.330914e-02
7.643894e-01  -1.407038e-02
1.257991e+00  2.685682e-01
1.086556e+00  -4.703473e-03
1.240245e+00  -1.968753e-02
1.124380e+00  -1.354162e-01
1.288324e+00  -1.164387e-01
1.156863e+00  -9.210444e-02
1.086399e+00  1.148160e-01
1.129090e+00  1.045048e-01
1.052453e+00  -4.704175e-02
1.025238e+00  -9.514673e-02
1.199139e+00  -4.066458e-02
1.088231e+00  8.710115e-02
1.263407e+00  -5.674090e-02
1.129325e+00  -9.154880e-02
1.159470e+00  -1.707450e-01
1.133066e+00  -1.333268e-01
1.291786e+00  -1.087763e-01
1.085487e+00  -1.455656e-01
1.236664e+00  -1.077731e-01
1.132196e+00  -1.618514e-01
1.275352e+00  -1.140733e-01
1.164279e+00  -1.487166e-01
1.120875e+00  -1.567538e-01
1.091725e+00  -1.799197e-01
1.267518e+00  -1.274268e-01
1.143576e+00  -4.947906e-02
1.139491e+00  -1.132392e-02
1.104372e+00  -4.180729e-02
1.152125e+00  -9.072242e-02
1.091352e+00  -6.026514e-02
1.314138e+00  -1.226784e-01
7.004596e-01  5.532949e-02
1.162065e+00  1.108212e-01
1.046192e+00  1.509370e-01
1.049845e+00  8.360624e-02
1.113978e+00  1.827650e-01
1.149494e+00  8.964146e-02
6.283032e-01  9.799290e-02
6.903675e-01  8.738612e-02
1.059630e+00  1.443755e-01
1.055179e+00  1.509029e-01
1.164903e+00  9.458203e-02
6.929461e-01  6.683222e-02
1.019566e+00  8.391197e-02
6.952098e-01  9.277558e-02
1.117585e+00  1.560977e-01
6.272217e-01  1.000743e-01
1.110124e+00  1.583615e-01
7.068731e-01  7.978124e-02
1.038906e+00  8.038316e-02
9.040837e-01  1.266993e-01
1.218962e+00  1.015523e-01
7.362113e-01  6.541113e-02
1.064946e+00  1.378340e-01
1.254076e+00  9.713014e-02
9.077463e-01  1.254644e-01
7.845272e-01  1.075358e-01
7.886257e-01  9.341747e-02
1.261250e+00  1.033318e-01
7.197663e-01  6.257135e-02
9.114823e-01  1.430180e-01
1.063263e+00  1.676386e-01
8.690417e-01  1.436960e-01
1.051681e+00  1.606550e-01
8.980971e-01  1.377793e-01
7.181300e-01  6.582539e-02
8.010783e-01  1.025918e-01
8.586448e-01  7.039708e-02
1.119618e+00  1.470861e-01
1.233650e+00  1.071682e-01
8.924614e-01  1.013079e-01
8.232057e-01  7.238748e-02
7.389031e-01  1.233870e-01
7.877451e-01  1.196249e-01
1.119433e+00  1.752067e-01
1.108110e+00  1.572448e-01
8.341699e-01  7.434860e-02
7.937497e-01  1.138092e-01
9.085101e-01  1.124194e-01
7.839457e-01  9.641193e-02
8.010783e-01  1.025918e-01
1.233650e+00  1.071682e-01
8.586448e-01  7.039708e-02
1.119618e+00  1.470861e-01
1.250612e+00  9.835505e-02
7.845272e-01  1.075358e-01
9.077463e-01  1.254644e-01
9.085101e-01  1.124194e-01
1.261250e+00  1.033318e-01
8.232057e-01  7.238748e-02
7.877451e-01  1.196249e-01
1.119433e+00  1.752067e-01
7.389031e-01  1.233870e-01
1.108110e+00  1.572448e-01
7.937497e-01  1.138092e-01
8.341699e-01  7.434860e-02
9.040837e-01  1.266993e-01
7.362113e-01  6.541113e-02
1.064946e+00  1.378340e-01
1.218962e+00  1.015523e-01
7.700867e-01  8.943317e-02
7.197663e-01  6.257135e-02
8.690417e-01  1.436960e-01
9.114823e-01  1.430180e-01
1.063263e+00  1.676386e-01
1.051681e+00  1.606550e-01
7.181300e-01  6.582539e-02
8.980971e-01  1.377793e-01
7.886257e-01  9.341747e-02
8.956123e-01  1.200522e-01
1.085487e+00  -1.455656e-01
1.275352e+00  -1.140733e-01
1.164279e+00  -1.487166e-01
1.236664e+00  -1.077731e-01
1.267518e+00  -1.274268e-01
1.104372e+00  -4.180729e-02
1.143576e+00  -4.947906e-02
1.139491e+00  -1.132392e-02
1.152125e+00  -9.072242e-02
1.314138e+00  -1.226784e-01
1.091352e+00  -6.026514e-02
1.291392e+00  -6.764838e-02
1.159470e+00  -1.707450e-01
1.129325e+00  -9.154880e-02
1.120875e+00  -1.567538e-01
1.291786e+00  -1.087763e-01
1.086556e+00  -4.703473e-03
1.288324e+00  -1.164387e-01
1.147162e+00  -4.642789e-02
1.240245e+00  -1.968753e-02
1.124380e+00  -1.354162e-01
1.133066e+00  -1.333268e-01
1.102121e+00  -8.384158e-02
1.156863e+00  -9.210444e-02
1.129090e+00  1.045048e-01
1.052453e+00  -4.704175e-02
1.086399e+00  1.148160e-01
1.025238e+00  -9.514673e-02
1.088231e+00  8.710115e-02
1.199139e+00  -4.066458e-02
1.065225e+00  1.778132e-01
9.330645e-01  -9.813005e-02
9.977499e-01  9.251204e-02
1.199193e+00  1.201583e-01
1.008218e+00  -1.210737e-01
8.114298e-01  -2.332691e-02
9.756245e-01  2.228311e-01
1.054282e+00  2.604215e-01
9.916070e-01  1.959721e-01
9.496775e-01  1.551817e-01
8.447479e-01  -4.780656e-02
1.054695e+00  2.812840e-01
1.257803e+00  2.172930e-01
1.064293e+00  3.231401e-02
1.009832e+00  -9.362746e-02
9.647899e-01  2.428446e-02
1.074952e+00  -1.298571e-01
1.072258e+00  4.970287e-02
1.263024e+00  1.380331e-01
1.079096e+00  1.826674e-01
1.075446e+00  -3.554898e-02
9.452388e-01  -5.446132e-02
1.190093e+00  -4.381915e-02
1.079046e+00  -5.439668e-02
9.135428e-01  -5.333007e-02
1.062151e+00  2.968956e-01
1.122592e+00  2.999275e-01
8.988727e-01  6.960171e-02
8.548765e-01  1.756385e-02
9.801538e-01  -3.170001e-02
1.090939e+00  2.880008e-01
1.258750e+00  4.871564e-02
1.127892e+00  6.202985e-02
1.144853e+00  -1.452422e-01
1.077868e+00  3.871706e-02
1.148237e+00  -1.197747e-01
1.090965e+00  7.613770e-02
1.282443e+00  -2.617916e-02
1.008353e+00  1.586581e-01
1.009540e+00  1.484816e-01
6.326789e-01  9.782142e-02
1.193648e+00  1.320733e-01
1.048420e+00  1.249433e-01
1.142304e+00  1.346325e-01
1.231523e+00  1.564931e-01
8.182138e-01  6.405240e-02
8.286873e-01  4.847340e-02
1.129444e+00  1.402928e-01
8.087372e-01  -3.518035e-02
1.126503e+00  1.763641e-01
1.214889e+00  2.263891e-01
1.225791e+00  2.168608e-01
8.068676e-01  1.602206e-02
7.709688e-01  5.623662e-02
1.128514e+00  1.365643e-01
1.125292e+00  1.459741e-01
7.370376e-01  9.237449e-02
1.202094e+00  1.519626e-01
1.199504e+00  1.361157e-01
1.142082e+00  1.361024e-01
1.149978e+00  1.334340e-01
1.072808e+00  1.446888e-01
7.346018e-01  8.442748e-02
7.567314e-01  8.635191e-02
1.160024e+00  1.464210e-01
1.068550e+00  -1.152046e-02
1.118619e+00  2.051450e-01
8.451932e-01  -1.238335e-02
1.150377e+00  1.708364e-01
8.054627e-01  -5.615932e-03
9.999607e-01  -8.786670e-02
1.243279e+00  2.812777e-01
1.164788e+00  1.217369e-01
1.183118e+00  2.047939e-01
9.326058e-01  -8.400322e-02
1.219827e+00  5.074881e-02
1.079592e+00  -1.262820e-01
1.258950e+00  9.451838e-02
1.207457e+00  1.890566e-01
1.192696e+00  1.350324e-01
8.203657e-01  9.015702e-02
9.740686e-01  1.114427e-01
1.016977e+00  9.018225e-02
9.019305e-01  7.230470e-02
1.278577e+00  2.458141e-01
1.262659e+00  1.624881e-01
1.034266e+00  1.086118e-01
1.186071e+00  2.310588e-01
1.017328e+00  1.231272e-01
8.560660e-01  2.607365e-02
8.591357e-01  6.820503e-02
1.213345e+00  2.171522e-01
1.069481e+00  1.797603e-01
6.272217e-01  1.000743e-01
1.035983e+00  7.809955e-02
7.038139e-01  9.005005e-02
1.117585e+00  1.560977e-01
1.038906e+00  8.038316e-02
1.045244e+00  7.888575e-02
6.952098e-01  9.277558e-02
1.078818e+00  1.612786e-01
7.823433e-01  1.188278e-01
1.044482e+00  1.189485e-01
7.068731e-01  7.978124e-02
1.103536e+00  1.523766e-01
9.811933e-01  9.984844e-02
1.222665e+00  1.506727e-01
1.268251e+00  1.526743e-01
9.887300e-01  1.190548e-01
8.513712e-01  1.022249e-01
8.658102e-01  8.682928e-02
1.279780e+00  1.504608e-01
8.689908e-01  7.812437e-02
1.237361e+00  1.542424e-01
9.811725e-01  9.206200e-02
9.969088e-01  1.045340e-01
8.534925e-01  9.098168e-02
1.068774e+00  3.066637e-01
7.013964e-01  3.640400e-02
1.087859e+00  8.731718e-02
8.666621e-01  1.119220e-01
9.281380e-01  -4.178534e-02
6.995169e-01  7.458774e-02
1.095372e+00  1.911953e-01
1.119040e+00  9.354304e-02
1.082990e+00  8.550374e-02
7.163689e-01  6.990886e-02
1.075316e+00  2.200236e-01
9.854335e-01  1.750190e-01
1.089270e+00  2.998742e-01
9.189142e-01  -8.717027e-02
9.819098e-01  -8.327874e-02
1.072301e+00  3.153591e-01
9.721072e-01  1.084966e-01
1.054406e+00  1.165847e-01
6.649526e-01  8.923990e-02
1.095542e+00  1.608849e-01
1.154483e+00  -1.355776e-01
1.013363e+00  1.047904e-01
1.098872e+00  2.358568e-01
8.354766e-01  -2.493093e-02
9.421838e-01  9.912496e-02
1.257192e+00  2.594177e-01
1.090496e+00  3.227319e-01
1.055948e+00  -2.774357e-03
9.324034e-01  1.117307e-01
8.026013e-01  4.198362e-02
1.260225e+00  1.888793e-01
1.256220e+00  2.586458e-01
9.273176e-01  9.618756e-02
8.216517e-01  1.012658e-04
1.106406e+00  2.535877e-01
7.678602e-01  1.498047e-02
1.074249e+00  8.729651e-02
1.092798e+00  5.584128e-02
8.138076e-01  -2.555056e-02
1.118967e+00  3.015824e-01
1.226611e+00  1.678271e-01
8.653045e-01  1.008925e-01
8.357155e-01  4.761561e-02
1.121622e+00  1.826449e-01
1.061068e+00  2.674500e-01
8.022506e-01  -4.572064e-02
9.592257e-01  1.528265e-01
6.761457e-01  9.752210e-02
9.998932e-01  1.455887e-01
8.087372e-01  -3.518035e-02
1.126503e+00  1.763641e-01
1.115347e+00  1.240500e-01
8.182138e-01  6.405240e-02
1.231523e+00  1.564931e-01
1.225791e+00  2.168608e-01
1.129444e+00  1.402928e-01
1.193648e+00  1.320733e-01
1.048420e+00  1.249433e-01
8.342269e-01  6.804735e-02
8.286873e-01  4.847340e-02
1.197559e+00  1.808790e-01
1.149978e+00  1.334340e-01
1.072808e+00  1.446888e-01
1.134674e+00  1.391918e-01
1.202094e+00  1.519626e-01
7.370376e-01  9.237449e-02
7.567314e-01  8.635191e-02
1.142082e+00  1.361024e-01
7.709688e-01  5.623662e-02
1.128514e+00  1.365643e-01
1.199870e+00  1.325773e-01
1.199504e+00  1.361157e-01
7.643506e-01  8.243005e-02
1.081364e+00  6.159771e-02
8.423159e-01  -8.325708e-02
1.120666e+00  4.189151e-02
7.758026e-01  7.046985e-02
1.096337e+00  1.417109e-01
1.159056e+00  1.908327e-01
8.345730e-01  1.314455e-02
1.215575e+00  2.432188e-01
1.200735e+00  1.730430e-01
1.162210e+00  1.762864e-01
1.080817e+00  1.466997e-01
1.146857e+00  2.289528e-01
8.289596e-01  2.931001e-04
8.115492e-01  3.567629e-02
1.128323e+00  1.910954e-01
1.169141e+00  2.109876e-01
1.008458e+00  -1.086884e-01
1.258731e+00  -9.756145e-02
1.281091e+00  1.574096e-01
1.271111e+00  -3.694433e-02
1.249718e+00  6.185553e-02
1.238473e+00  -1.392914e-01
1.242110e+00  -8.979050e-02
1.285682e+00  -1.479657e-01
1.297701e+00  -4.507875e-02
1.273292e+00  4.022748e-02
1.250368e+00  -2.884629e-02
1.009124e+00  1.686646e-01
6.283032e-01  9.799290e-02
1.164272e+00  8.555187e-02
9.008895e-01  1.408541e-01
6.960134e-01  7.785629e-02
1.059630e+00  1.443755e-01
1.164903e+00  9.458203e-02
1.166819e+00  8.867543e-02
1.019088e+00  1.509720e-01
6.903675e-01  8.738612e-02
1.039545e+00  1.227095e-01
1.173717e+00  1.628171e-01
1.219482e+00  1.590826e-01
1.089058e+00  1.451887e-01
7.301966e-01  9.696065e-02
7.459590e-01  9.113987e-02
1.232134e+00  1.561885e-01
7.565117e-01  7.654827e-02
1.199122e+00  1.533654e-01
1.091455e+00  1.136991e-01
1.090530e+00  1.276902e-01
7.412152e-01  9.269279e-02
1.159864e+00  1.925988e-01
6.929461e-01  6.683222e-02
1.038276e+00  1.389914e-01
1.081263e+00  2.624225e-01
9.540962e-01  -2.571277e-02
1.145521e+00  -3.005945e-02
8.138076e-01  -2.555056e-02
1.055948e+00  -2.774357e-03
1.078531e+00  3.575994e-02
1.123165e+00  1.736911e-01
1.208564e+00  -1.123747e-01
1.230681e+00  -6.783551e-02
1.098596e+00  -4.314900e-02
1.090650e+00  1.578851e-01
7.342714e-01  1.042119e-02
1.118967e+00  3.015824e-01
1.074249e+00  8.729651e-02
1.018372e+00  4.492811e-02
1.090496e+00  3.227319e-01
7.678602e-01  1.498047e-02
1.280302e+00  -1.443028e-01
1.108076e+00  -5.174374e-02
1.119200e+00  6.070722e-02
1.011731e+00  9.976290e-02
7.219266e-01  5.727587e-02
1.115839e+00  2.802690e-01
7.081172e-01  2.548687e-02
1.075316e+00  2.200236e-01
1.087859e+00  8.731718e-02
1.009111e+00  1.623028e-01
1.202507e+00  1.558607e-01
1.084789e+00  1.501615e-01
7.163689e-01  6.990886e-02
1.119040e+00  9.354304e-02
1.115038e+00  1.112411e-01
1.095372e+00  1.911953e-01
7.013964e-01  3.640400e-02
1.005722e+00  1.331014e-01
7.264776e-01  7.684597e-02
1.214108e+00  1.052235e-01
1.212720e+00  1.443333e-01
7.219729e-01  4.575077e-02
1.014900e+00  1.397043e-01
1.124607e+00  1.359957e-01
1.040073e+00  1.671802e-01
7.139889e-01  4.209990e-02
1.193413e+00  1.297772e-01
9.551912e-01  1.313234e-01
7.420239e-01  6.530890e-02
1.009124e+00  1.686646e-01
6.960134e-01  7.785629e-02
9.008895e-01  1.408541e-01
9.084215e-01  -6.801075e-02
1.207418e+00  2.909073e-01
1.200735e+00  1.730430e-01
8.345730e-01  1.314455e-02
1.162210e+00  1.762864e-01
1.159056e+00  1.908327e-01
1.215575e+00  2.432188e-01
1.159864e+00  1.925988e-01
1.128323e+00  1.910954e-01
8.289596e-01  2.931001e-04
8.410101e-01  -3.370344e-02
1.146857e+00  2.289528e-01
1.039545e+00  1.227095e-01
1.173717e+00  1.628171e-01
1.219482e+00  1.590826e-01
1.089058e+00  1.451887e-01
7.301966e-01  9.696065e-02
7.459590e-01  9.113987e-02
1.232134e+00  1.561885e-01
7.565117e-01  7.654827e-02
1.199122e+00  1.533654e-01
1.091455e+00  1.136991e-01
1.090530e+00  1.276902e-01
7.412152e-01  9.269279e-02
1.081364e+00  6.159771e-02
1.022166e+00  -1.214825e-01
1.236830e+00  -2.352542e-03
1.120666e+00  4.189151e-02
8.423159e-01  -8.325708e-02
1.103377e+00  1.326290e-01
1.193323e+00  1.286353e-01
1.160914e+00  4.762226e-02
1.086655e+00  1.496059e-01
9.043876e-01  -9.368890e-02
1.169141e+00  2.109876e-01
1.008458e+00  -1.086884e-01
1.258731e+00  -9.756145e-02
1.281091e+00  1.574096e-01
1.271111e+00  -3.694433e-02
1.249718e+00  6.185553e-02
1.238473e+00  -1.392914e-01
1.242110e+00  -8.979050e-02
1.285682e+00  -1.479657e-01
1.297701e+00  -4.507875e-02
1.273292e+00  4.022748e-02
1.250368e+00  -2.884629e-02
1.080817e+00  1.466997e-01
7.528688e-01  -3.924735e-02
1.104074e+00  2.392747e-01
7.081172e-01  2.548687e-02
1.009111e+00  1.623028e-01
1.202507e+00  1.558607e-01
1.005722e+00  1.331014e-01
7.264776e-01  7.684597e-02
1.214108e+00  1.052235e-01
1.212720e+00  1.443333e-01
1.014900e+00  1.397043e-01
7.219729e-01  4.575077e-02
1.193413e+00  1.297772e-01
9.551912e-01  1.313234e-01
7.420239e-01  6.530890e-02
1.081263e+00  2.624225e-01
9.540962e-01  -2.571277e-02
1.145521e+00  -3.005945e-02
1.078531e+00  3.575994e-02
1.123165e+00  1.736911e-01
1.208564e+00  -1.123747e-01
1.230681e+00  -6.783551e-02
1.090650e+00  1.578851e-01
1.098596e+00  -4.314900e-02
1.280302e+00  -1.443028e-01
1.108076e+00  -5.174374e-02
1.119200e+00  6.070722e-02
1.069481e+00  1.797603e-01
7.823433e-01  1.188278e-01
7.038139e-01  9.005005e-02
9.811933e-01  9.984844e-02
1.222665e+00  1.506727e-01
1.268251e+00  1.526743e-01
9.887300e-01  1.190548e-01
8.513712e-01  1.022249e-01
8.658102e-01  8.682928e-02
1.279780e+00  1.504608e-01
8.689908e-01  7.812437e-02
1.237361e+00  1.542424e-01
9.811725e-01  9.206200e-02
9.969088e-01  1.045340e-01
8.534925e-01  9.098168e-02
9.191552e-01  4.492845e-02
1.238729e+00  2.618346e-01
1.262659e+00  1.624881e-01
9.019305e-01  7.230470e-02
1.034266e+00  1.086118e-01
1.016977e+00  9.018225e-02
1.278577e+00  2.458141e-01
1.044482e+00  1.189485e-01
1.213345e+00  2.171522e-01
8.560660e-01  2.607365e-02
8.813006e-01  2.880966e-02
1.017328e+00  1.231272e-01
1.068550e+00  -1.152046e-02
9.814889e-01  -9.558891e-02
1.261889e+00  1.329630e-01
8.451932e-01  -1.238335e-02
9.962355e-01  2.605875e-02
1.257991e+00  2.685682e-01
1.237439e+00  1.997895e-01
8.853826e-01  -6.919924e-02
1.034620e+00  3.025841e-02
1.118619e+00  2.051450e-01
1.186071e+00  2.310588e-01
7.643894e-01  -1.407038e-02
1.020364e+00  1.043405e-01
1.150377e+00  1.708364e-01
8.054627e-01  -5.615932e-03
9.999607e-01  -8.786670e-02
1.243279e+00  2.812777e-01
1.164788e+00  1.217369e-01
1.183118e+00  2.047939e-01
9.326058e-01  -8.400322e-02
1.219827e+00  5.074881e-02
1.079592e+00  -1.262820e-01
1.258950e+00  9.451838e-02
1.207457e+00  1.890566e-01
1.192696e+00  1.350324e-01
8.354766e-01  -2.493093e-02
9.421838e-01  9.912496e-02
1.257192e+00  2.594177e-01
9.324034e-01  1.117307e-01
8.026013e-01  4.198362e-02
1.260225e+00  1.888793e-01
1.256220e+00  2.586458e-01
8.216517e-01  1.012658e-04
9.273176e-01  9.618756e-02
1.226611e+00  1.678271e-01
8.653045e-01  1.008925e-01
8.357155e-01  4.761561e-02
1.068774e+00  3.066637e-01
8.666621e-01  1.119220e-01
9.281380e-01  -4.178534e-02
9.854335e-01  1.750190e-01
1.089270e+00  2.998742e-01
9.189142e-01  -8.717027e-02
9.819098e-01  -8.327874e-02
9.721072e-01  1.084966e-01
1.072301e+00  3.153591e-01
1.154483e+00  -1.355776e-01
1.013363e+00  1.047904e-01
1.098872e+00  2.358568e-01
6.121784e-01  1.013409e-01
8.259131e-01  3.043344e-02
1.105271e+00  -4.163417e-02
1.241399e+00  -1.429850e-01
1.254003e+00  -1.681630e-01
1.318742e+00  -1.418350e-01
1.305708e+00  -1.087663e-01
1.298109e+00  -4.612487e-02
1.313424e+00  -1.272133e-01
1.343442e+00  -1.594797e-01
1.186206e+00  2.812962e-02
1.252118e+00  -1.496776e-01
1.283999e+00  8.632779e-02
1.276383e+00  -1.160748e-02
1.253380e+00  -5.832885e-02
9.250461e-01  -8.376655e-02
1.077868e+00  3.871706e-02
1.236179e+00  1.046791e-01
1.121145e+00  -2.509567e-02
1.144853e+00  -1.452422e-01
1.282443e+00  -2.617916e-02
1.222605e+00  2.658755e-02
1.127892e+00  6.202985e-02
9.897064e-01  -1.213623e-01
1.158410e+00  -1.049912e-01
1.090965e+00  7.613770e-02
1.056022e+00  -1.038221e-01
1.037885e+00  -1.176808e-01
9.993106e-01  2.256697e-01
1.062100e+00  2.616702e-01
1.226573e+00  1.741929e-01
9.453915e-01  9.472066e-02
1.064610e+00  1.202315e-01
1.278186e+00  2.604635e-01
8.892844e-01  2.133549e-02
9.258192e-01  2.994780e-02
1.028013e+00  8.926282e-02
9.954908e-01  -8.913761e-02
1.059281e+00  9.240033e-02
1.274934e+00  2.860528e-01
1.270738e+00  3.332893e-01
9.328968e-01  -3.017899e-02
9.490808e-01  8.989468e-02
1.062151e+00  2.968956e-01
9.875936e-01  -1.016081e-01
1.115988e+00  3.292135e-01
8.988727e-01  6.960171e-02
9.801538e-01  -3.170001e-02
1.051291e+00  -7.907919e-02
9.457634e-01  6.477505e-02
1.122592e+00  2.999275e-01
1.100002e+00  2.347113e-02
1.090939e+00  2.880008e-01
9.622837e-01  -4.499204e-03
9.490808e-01  8.989468e-02
1.115988e+00  3.292135e-01
1.205091e+00  1.414419e-01
8.274357e-01  6.749579e-02
9.258192e-01  2.994780e-02
1.278186e+00  2.604635e-01
1.028013e+00  8.926282e-02
1.064610e+00  1.202315e-01
8.892844e-01  2.133549e-02
1.100002e+00  2.347113e-02
9.328968e-01  -3.017899e-02
1.274934e+00  2.860528e-01
1.254021e+00  3.042624e-01
1.059281e+00  9.240033e-02
9.993106e-01  2.256697e-01
9.756245e-01  2.228311e-01
8.396799e-01  -6.180432e-02
1.062100e+00  2.616702e-01
9.916070e-01  1.959721e-01
8.447479e-01  -4.780656e-02
8.822558e-01  -8.906035e-02
9.892013e-01  2.345897e-01
1.054282e+00  2.604215e-01
9.954908e-01  -8.913761e-02
1.054695e+00  2.812840e-01
1.005298e+00  1.722282e-01
9.250461e-01  -8.376655e-02
1.121145e+00  -2.509567e-02
1.268620e+00  -1.378083e-01
1.239490e+00  -4.658080e-02
1.313424e+00  -1.272133e-01
1.305708e+00  -1.087663e-01
1.343442e+00  -1.594797e-01
1.318742e+00  -1.418350e-01
1.298109e+00  -4.612487e-02
1.158410e+00  -1.049912e-01
1.253380e+00  -5.832885e-02
1.283999e+00  8.632779e-02
1.285593e+00  -2.002706e-02
1.252118e+00  -1.496776e-01
8.259131e-01  3.043344e-02
9.647899e-01  2.428446e-02
1.257726e+00  2.563620e-01
1.105271e+00  -4.163417e-02
1.009832e+00  -9.362746e-02
1.263024e+00  1.380331e-01
1.238136e+00  2.028425e-01
1.064293e+00  3.231401e-02
8.582061e-01  -6.496774e-02
1.186206e+00  2.812962e-02
1.072258e+00  4.970287e-02
9.344357e-01  -1.061996e-01
1.046513e+00  1.692372e-01
9.401963e-01  1.392627e-01
3.079203e-01
3.303307e-01
3.248448e-01
3.179780e-01
3.097939e-01
3.480967e-01
3.475198e-01
3.436811e-01
3.600111e-01
3.405384e-01
3.475198e-01
3.600111e-01
3.436811e-01
3.480967e-01
3.405384e-01
3.097939e-01
3.248448e-01
3.079203e-01
3.303307e-01
3.179780e-01
5.317837e-01
5.510266e-01
5.714622e-01
5.319261e-01
5.739771e-01
3.087391e-01
3.028959e-01
3.022455e-01
3.025422e-01
3.078466e-01
3.028959e-01
3.025422e-01
3.022455e-01
3.087391e-01
3.078466e-01
5.739771e-01
5.714622e-01
5.317837e-01
5.510266e-01
5.319261e-01
3.660968e-01
3.699179e-01
3.604894e-01
3.882402e-01
3.535566e-01
4.260543e-01
4.106867e-01
4.673006e-01
3.964412e-01
4.723565e-01
4.106867e-01
3.964412e-01
4.673006e-01
4.260543e-01
4.723565e-01
3.535566e-01
3.604894e-01
3.660968e-01
3.699179e-01
3.882402e-01
3.271264e-01
3.154218e-01
3.897778e-01
3.678182e-01
3.156899e-01
3.082010e-01
3.955595e-01
3.725313e-01
4.506316e-01
4.436243e-01
3.766697e-01
3.566420e-01
3.207961e-01
3.911719e-01
3.670897e-01
3.087861e-01
3.102900e-01
3.235897e-01
3.564738e-01
4.206451e-01
3.592437e-01
3.608554e-01
3.538411e-01
4.306793e-01
3.500185e-01
4.120465e-01
3.579241e-01
3.414778e-01
4.155239e-01
3.365698e-01
3.154218e-01
3.271264e-01
3.897778e-01
3.678182e-01
3.082010e-01
3.156899e-01
4.523590e-01
4.016177e-01
4.883004e-01
5.704104e-01
4.823444e-01
4.262236e-01
3.237954e-01
3.317953e-01
3.843938e-01
3.384188e-01
3.444997e-01
4.153867e-01
4.212361e-01
5.039693e-01
3.857534e-01
3.715075e-01
4.402477e-01
3.934343e-01
3.261258e-01
3.784517e-01
3.245187e-01
3.084575e-01
3.089510e-01
3.742700e-01
3.384188e-01
3.444997e-01
4.153867e-01
3.843938e-01
3.237954e-01
3.317953e-01
4.823444e-01
4.262236e-01
5.704104e-01
4.523590e-01
4.016177e-01
4.883004e-01
3.245187e-01
3.742700e-01
3.089510e-01
3.784517e-01
3.261258e-01
3.084575e-01
3.857534e-01
4.212361e-01
3.934343e-01
3.715075e-01
4.402477e-01
5.039693e-01
3.087861e-01
3.102900e-01
3.670897e-01
3.911719e-01
3.207961e-01
3.235897e-01
3.766697e-01
4.436243e-01
4.506316e-01
3.955595e-01
3.725313e-01
3.566420e-01
3.579241e-01
3.500185e-01
3.365698e-01
3.414778e-01
4.155239e-01
4.120465e-01
3.592437e-01
4.306793e-01
3.538411e-01
4.206451e-01
3.564738e-01
3.608554e-01
3.614668e-01
3.625111e-01
4.347467e-01
3.557581e-01
3.702337e-01
4.294457e-01
5.310366e-01
6.973421e-01
5.510030e-01
5.824252e-01
5.620634e-01
6.327300e-01
5.823911e-01
6.853221e-01
5.813129e-01
7.014251e-01
5.904888e-01
5.699179e-01
3.702337e-01
3.557581e-01
3.614668e-01
4.294457e-01
4.347467e-01
3.625111e-01
3.568971e-01
3.479542e-01
4.193604e-01
3.359534e-01
4.040384e-01
3.467042e-01
3.511124e-01
3.644918e-01
3.570816e-01
3.462156e-01
4.229677e-01
4.202140e-01
3.644918e-01
3.570816e-01
4.202140e-01
3.462156e-01
4.229677e-01
3.511124e-01
3.467042e-01
3.568971e-01
3.479542e-01
3.359534e-01
4.040384e-01
4.193604e-01
5.904888e-01
6.853221e-01
5.823911e-01
5.699179e-01
5.813129e-01
7.014251e-01
5.510030e-01
6.973421e-01
5.620634e-01
6.327300e-01
5.310366e-01
5.824252e-01
4.638600e-01
5.037363e-01
6.295825e-01
5.273360e-01
4.486524e-01
5.282759e-01
4.486524e-01
5.273360e-01
4.638600e-01
5.282759e-01
6.295825e-01
5.037363e-01
3.073491e-01
3.036874e-01
3.200619e-01
3.251528e-01
3.062815e-01
3.089773e-01
3.641976e-01
3.508415e-01
3.660100e-01
3.679464e-01
3.521924e-01
3.424260e-01
3.252867e-01
3.460570e-01
3.229371e-01
3.111126e-01
3.097905e-01
3.244911e-01
3.455794e-01
3.491344e-01
3.562486e-01
3.447164e-01
3.317425e-01
3.644784e-01
3.165058e-01
3.201150e-01
3.190643e-01
3.036923e-01
3.242190e-01
3.033396e-01
3.381768e-01
3.442058e-01
3.634991e-01
3.417259e-01
3.254964e-01
3.331984e-01
3.668482e-01
3.517954e-01
3.815898e-01
3.804506e-01
3.871502e-01
3.678447e-01
3.380392e-01
3.406555e-01
3.510716e-01
3.480840e-01
3.474547e-01
3.730489e-01
3.752066e-01
3.764951e-01
3.607089e-01
3.534600e-01
3.744465e-01
3.653324e-01
3.085287e-01
3.306094e-01
3.090909e-01
3.242954e-01
3.225875e-01
3.344299e-01
3.480840e-01
3.474547e-01
3.730489e-01
3.510716e-01
3.380392e-01
3.406555e-01
3.871502e-01
3.678447e-01
3.804506e-01
3.668482e-01
3.517954e-01
3.815898e-01
3.090909e-01
3.344299e-01
3.306094e-01
3.085287e-01
3.225875e-01
3.242954e-01
3.607089e-01
3.534600e-01
3.744465e-01
3.752066e-01
3.653324e-01
3.764951e-01
3.111126e-01
3.097905e-01
3.229371e-01
3.460570e-01
3.252867e-01
3.244911e-01
3.521924e-01
3.679464e-01
3.660100e-01
3.641976e-01
3.508415e-01
3.424260e-01
3.190643e-01
3.036923e-01
3.242190e-01
3.165058e-01
3.033396e-01
3.201150e-01
3.562486e-01
3.644784e-01
3.491344e-01
3.455794e-01
3.317425e-01
3.447164e-01
4.035481e-01
4.650860e-01
4.685839e-01
4.456949e-01
3.961430e-01
4.607719e-01
5.691402e-01
5.628859e-01
5.952756e-01
6.100483e-01
5.902407e-01
5.837158e-01
5.697770e-01
6.038148e-01
6.123269e-01
5.805422e-01
5.845707e-01
5.774069e-01
3.518747e-01
3.298868e-01
3.551280e-01
3.521323e-01
3.482366e-01
3.278079e-01
3.313204e-01
3.128518e-01
3.398593e-01
3.230722e-01
3.209131e-01
3.066229e-01
3.307595e-01
3.111138e-01
3.295175e-01
3.388681e-01
3.158645e-01
3.432139e-01
3.388681e-01
3.158645e-01
3.432139e-01
3.295175e-01
3.307595e-01
3.111138e-01
3.209131e-01
3.066229e-01
3.230722e-01
3.313204e-01
3.128518e-01
3.398593e-01
5.805422e-01
5.845707e-01
6.123269e-01
6.038148e-01
5.697770e-01
5.774069e-01
5.902407e-01
6.100483e-01
5.952756e-01
5.691402e-01
5.628859e-01
5.837158e-01
4.230109e-01
3.906551e-01
4.098467e-01
4.829976e-01
4.666772e-01
4.221486e-01
4.641966e-01
4.491876e-01
4.676563e-01
5.521552e-01
5.279039e-01
5.059998e-01
3.442058e-01
3.381768e-01
3.417259e-01
3.254964e-01
3.331984e-01
3.634991e-01
3.335861e-01
4.363327e-01
4.102329e-01
4.014345e-01
3.244027e-01
3.340060e-01
4.267974e-01
4.479397e-01
3.497423e-01
3.595150e-01
3.691397e-01
4.161835e-01
3.988701e-01
3.725425e-01
4.039970e-01
3.123321e-01
3.349573e-01
3.347952e-01
3.067263e-01
3.701300e-01
3.662401e-01
3.214737e-01
3.091999e-01
3.900900e-01
5.034649e-01
4.452732e-01
4.608281e-01
4.257464e-01
4.842357e-01
5.295468e-01
3.650707e-01
4.766847e-01
4.342487e-01
4.415679e-01
3.689035e-01
3.677232e-01
5.842132e-01
5.480364e-01
4.499598e-01
5.145257e-01
5.311380e-01
5.126064e-01
4.191466e-01
4.346289e-01
4.415439e-01
3.527385e-01
3.654389e-01
3.435794e-01
3.689490e-01
4.396189e-01
4.428558e-01
4.079285e-01
3.749912e-01
4.459617e-01
3.116167e-01
3.172291e-01
3.330823e-01
3.191935e-01
3.069402e-01
3.035199e-01
4.296523e-01
3.509222e-01
3.386361e-01
4.151152e-01
4.410691e-01
3.554417e-01
3.890096e-01
3.699874e-01
4.047344e-01
3.075522e-01
3.199663e-01
3.192681e-01
3.282737e-01
3.976477e-01
3.723576e-01
3.256903e-01
3.101164e-01
4.087314e-01
3.582457e-01
3.586660e-01
3.732604e-01
3.919270e-01
3.635486e-01
3.610505e-01
3.955780e-01
3.417323e-01
3.523838e-01
4.108709e-01
4.180089e-01
3.650358e-01
4.456927e-01
4.197121e-01
4.557139e-01
5.130282e-01
5.327866e-01
3.800605e-01
3.591050e-01
3.528742e-01
3.844978e-01
3.791666e-01
3.734293e-01
3.643836e-01
4.216145e-01
3.512994e-01
3.512606e-01
4.180998e-01
4.307584e-01
3.789559e-01
3.683962e-01
3.765610e-01
4.230824e-01
4.536406e-01
4.273886e-01
3.635244e-01
3.036874e-01
3.073491e-01
3.251528e-01
3.062815e-01
3.200619e-01
3.089773e-01
3.595150e-01
4.479397e-01
4.267974e-01
4.161835e-01
3.497423e-01
3.691397e-01
4.102329e-01
4.363327e-01
3.244027e-01
3.335861e-01
3.340060e-01
4.014345e-01
3.701300e-01
3.662401e-01
3.900900e-01
3.091999e-01
3.214737e-01
3.067263e-01
3.347952e-01
3.988701e-01
3.725425e-01
3.349573e-01
3.123321e-01
4.039970e-01
5.227027e-01
4.975495e-01
5.899590e-01
5.327741e-01
5.199480e-01
5.624151e-01
3.549119e-01
4.504047e-01
4.314741e-01
4.427207e-01
3.619539e-01
3.776332e-01
4.440474e-01
4.658553e-01
4.207340e-01
3.891649e-01
4.399043e-01
4.664886e-01
5.443097e-01
5.701037e-01
6.074295e-01
4.259115e-01
4.153214e-01
4.136701e-01
5.850466e-01
7.037906e-01
6.612495e-01
6.090442e-01
5.534159e-01
6.965226e-01
3.067119e-01
3.154767e-01
3.428757e-01
3.175884e-01
3.292849e-01
3.223758e-01
3.076168e-01
3.855464e-01
3.663483e-01
3.707120e-01
3.169614e-01
3.281379e-01
3.760701e-01
3.883734e-01
3.074625e-01
3.141247e-01
3.187125e-01
3.666666e-01
3.573699e-01
3.622395e-01
4.259713e-01
4.497421e-01
4.283658e-01
3.503905e-01
4.646482e-01
4.490473e-01
4.928816e-01
4.131677e-01
4.091444e-01
4.014791e-01
6.836286e-01
5.743837e-01
5.068538e-01
6.046606e-01
6.804569e-01
5.535964e-01
3.635244e-01
3.765610e-01
4.273886e-01
4.536406e-01
4.230824e-01
3.683962e-01
3.555446e-01
3.465604e-01
3.684044e-01
3.698566e-01
3.506117e-01
3.435267e-01
4.108709e-01
3.523838e-01
3.417323e-01
3.955780e-01
4.180089e-01
3.650358e-01
3.418013e-01
3.597537e-01
3.843513e-01
4.027473e-01
3.949131e-01
3.341405e-01
3.175884e-01
3.292849e-01
3.223758e-01
3.154767e-01
3.428757e-01
3.067119e-01
3.619539e-01
4.504047e-01
4.427207e-01
4.314741e-01
3.549119e-01
3.776332e-01
4.283658e-01
4.497421e-01
3.503905e-01
3.573699e-01
3.622395e-01
4.259713e-01
3.663483e-01
3.707120e-01
3.855464e-01
3.169614e-01
3.281379e-01
3.076168e-01
3.141247e-01
3.760701e-01
3.666666e-01
3.187125e-01
3.074625e-01
3.883734e-01
5.624151e-01
5.327741e-01
5.199480e-01
5.227027e-01
4.975495e-01
5.899590e-01
4.136701e-01
6.074295e-01
5.443097e-01
5.701037e-01
4.259115e-01
4.153214e-01
7.037906e-01
6.965226e-01
5.534159e-01
5.850466e-01
6.090442e-01
6.612495e-01
3.891649e-01
4.399043e-01
4.664886e-01
4.658553e-01
4.440474e-01
4.207340e-01
3.506117e-01
3.435267e-01
3.698566e-01
3.465604e-01
3.555446e-01
3.684044e-01
3.949131e-01
3.418013e-01
3.341405e-01
3.843513e-01
4.027473e-01
3.597537e-01
4.091444e-01
4.928816e-01
4.646482e-01
4.490473e-01
4.131677e-01
4.014791e-01
5.743837e-01
5.535964e-01
6.046606e-01
6.804569e-01
6.836286e-01
5.068538e-01
3.035199e-01
3.069402e-01
3.330823e-01
3.172291e-01
3.116167e-01
3.191935e-01
3.192681e-01
4.047344e-01
3.890096e-01
3.699874e-01
3.075522e-01
3.199663e-01
3.976477e-01
4.087314e-01
3.101164e-01
3.282737e-01
3.256903e-01
3.723576e-01
4.346289e-01
4.191466e-01
4.415439e-01
3.435794e-01
3.654389e-01
3.527385e-01
3.509222e-01
4.296523e-01
4.151152e-01
3.554417e-01
3.386361e-01
4.410691e-01
4.842357e-01
4.257464e-01
4.608281e-01
5.295468e-01
4.452732e-01
5.034649e-01
4.396189e-01
3.689490e-01
3.749912e-01
4.428558e-01
4.459617e-01
4.079285e-01
4.342487e-01
4.415679e-01
4.766847e-01
3.689035e-01
3.677232e-01
3.650707e-01
5.145257e-01
5.842132e-01
5.126064e-01
5.311380e-01
4.499598e-01
5.480364e-01
3.734293e-01
3.844978e-01
3.591050e-01
3.528742e-01
3.791666e-01
3.643836e-01
3.512994e-01
3.789559e-01
4.180998e-01
4.307584e-01
4.216145e-01
3.512606e-01
3.635486e-01
3.610505e-01
3.919270e-01
3.586660e-01
3.582457e-01
3.732604e-01
5.327866e-01
4.456927e-01
3.800605e-01
4.557139e-01
5.130282e-01
4.197121e-01
3.298868e-01
3.482366e-01
3.278079e-01
3.521323e-01
3.551280e-01
3.518747e-01
4.162639e-01
5.067889e-01
4.996093e-01
4.359471e-01
4.438593e-01
4.798795e-01
6.809074e-01
7.017254e-01
7.293277e-01
5.842563e-01
5.964671e-01
5.657863e-01
5.397838e-01
6.798965e-01
7.010877e-01
5.609732e-01
5.531050e-01
7.324652e-01
5.401842e-01
5.807891e-01
5.958206e-01
5.844909e-01
5.390157e-01
5.675736e-01
6.886819e-01
5.809847e-01
5.906862e-01
6.968023e-01
7.433480e-01
6.001394e-01
4.650860e-01
3.961430e-01
4.685839e-01
4.035481e-01
4.607719e-01
4.456949e-01
3.591090e-01
3.600043e-01
3.516201e-01
3.764475e-01
3.507878e-01
3.755357e-01
3.558483e-01
4.577951e-01
4.205460e-01
4.207186e-01
3.529075e-01
3.564381e-01
4.504696e-01
4.651355e-01
3.648781e-01
3.869132e-01
3.821613e-01
4.252387e-01
3.636919e-01
3.966855e-01
3.862807e-01
3.700087e-01
3.874554e-01
3.528783e-01
4.048719e-01
4.038397e-01
4.270080e-01
4.699624e-01
4.611596e-01
3.737171e-01
3.862807e-01
3.700087e-01
3.528783e-01
3.966855e-01
3.636919e-01
3.874554e-01
3.529075e-01
4.577951e-01
4.207186e-01
4.205460e-01
3.558483e-01
3.564381e-01
4.611596e-01
4.699624e-01
3.737171e-01
4.048719e-01
4.038397e-01
4.270080e-01
3.507878e-01
3.764475e-01
3.591090e-01
3.600043e-01
3.755357e-01
3.516201e-01
3.869132e-01
3.821613e-01
4.252387e-01
4.651355e-01
4.504696e-01
3.648781e-01
5.390157e-01
5.958206e-01
5.807891e-01
5.401842e-01
5.675736e-01
5.844909e-01
7.017254e-01
6.809074e-01
7.293277e-01
5.657863e-01
5.964671e-01
5.842563e-01
5.809847e-01
6.886819e-01
6.968023e-01
6.001394e-01
5.906862e-01
7.433480e-01
4.359471e-01
4.996093e-01
5.067889e-01
4.798795e-01
4.162639e-01
4.438593e-01
6.798965e-01
5.397838e-01
5.531050e-01
7.010877e-01
7.324652e-01
5.609732e-01
4.491876e-01
5.279039e-01
5.059998e-01
5.521552e-01
4.676563e-01
4.641966e-01
3.906551e-01
4.666772e-01
4.098467e-01
4.230109e-01
4.221486e-01
4.829976e-01
3.071770e-01
3.222929e-01
3.411760e-01
3.335585e-01
3.110295e-01
3.556028e-01
3.395048e-01
3.605625e-01
3.519595e-01
3.420097e-01
3.605625e-01
3.420097e-01
3.519595e-01
3.395048e-01
3.556028e-01
3.110295e-01
3.335585e-01
3.411760e-01
3.071770e-01
3.222929e-01
5.274183e-01
4.955977e-01
5.618697e-01
5.900118e-01
5.765369e-01
3.195573e-01
3.159523e-01
3.122615e-01
3.064631e-01
3.063507e-01
3.122615e-01
3.063507e-01
3.064631e-01
5.765369e-01
5.900118e-01
5.618697e-01
3.728461e-01
4.134426e-01
4.286323e-01
5.108834e-01
3.423231e-01
3.202951e-01
3.172699e-01
4.081518e-01
3.708571e-01
3.100868e-01
4.413991e-01
4.019189e-01
3.584810e-01
4.726656e-01
4.300764e-01
3.676933e-01
3.266409e-01
3.102091e-01
4.111815e-01
3.726645e-01
3.122703e-01
3.617254e-01
3.707671e-01
4.184332e-01
4.429593e-01
3.657308e-01
3.587447e-01
4.107875e-01
4.278977e-01
3.172699e-01
3.100868e-01
3.423231e-01
4.081518e-01
3.708571e-01
3.202951e-01
4.627370e-01
5.411345e-01
3.826090e-01
4.663889e-01
5.936912e-01
4.119319e-01
3.186971e-01
3.417842e-01
3.344138e-01
3.764956e-01
4.262265e-01
4.570596e-01
3.889711e-01
5.540088e-01
4.406999e-01
3.432092e-01
3.401699e-01
3.844935e-01
3.784147e-01
3.417842e-01
3.186971e-01
3.572990e-01
4.262265e-01
3.764956e-01
3.344138e-01
5.411345e-01
4.627370e-01
4.119319e-01
5.936912e-01
4.663889e-01
3.401699e-01
3.432092e-01
3.784147e-01
3.889711e-01
4.570596e-01
5.540088e-01
3.102091e-01
3.266409e-01
3.122703e-01
3.726645e-01
4.111815e-01
3.332751e-01
4.019189e-01
4.413991e-01
4.300764e-01
4.726656e-01
3.584810e-01
3.587447e-01
3.657308e-01
4.107875e-01
3.707671e-01
3.617254e-01
4.429593e-01
3.581137e-01
3.599171e-01
4.864982e-01
5.568888e-01
7.048421e-01
5.934806e-01
5.968386e-01
5.864145e-01
6.947357e-01
3.903066e-01
3.856270e-01
3.598397e-01
3.574360e-01
3.441031e-01
4.364956e-01
3.698507e-01
3.614303e-01
4.414862e-01
3.614303e-01
3.698507e-01
3.487216e-01
4.414862e-01
3.574360e-01
3.598397e-01
4.364956e-01
5.864145e-01
5.968386e-01
6.947357e-01
5.711485e-01
5.568888e-01
4.864982e-01
7.048421e-01
4.605753e-01
5.398465e-01
4.256371e-01
5.089577e-01
3.291040e-01
3.394955e-01
3.806824e-01
3.627434e-01
3.332751e-01
3.228121e-01
3.498874e-01
3.580738e-01
3.255560e-01
3.332959e-01
3.736346e-01
3.328087e-01
3.731843e-01
4.043306e-01
3.572990e-01
3.392006e-01
3.884407e-01
3.664980e-01
3.097205e-01
3.103144e-01
3.731843e-01
3.392006e-01
3.826090e-01
4.043306e-01
3.103144e-01
3.097205e-01
3.328087e-01
3.664980e-01
3.884407e-01
3.736346e-01
3.228121e-01
3.627434e-01
3.676933e-01
3.806824e-01
3.332959e-01
3.255560e-01
3.291040e-01
3.580738e-01
3.498874e-01
3.394955e-01
3.903066e-01
3.856270e-01
4.749557e-01
4.383542e-01
5.678935e-01
5.452154e-01
6.100122e-01
5.711485e-01
5.922178e-01
6.133486e-01
3.581137e-01
3.599171e-01
3.607111e-01
3.525134e-01
3.262174e-01
3.540620e-01
3.227965e-01
3.395856e-01
3.487216e-01
3.281759e-01
3.395856e-01
3.540620e-01
3.281759e-01
3.262174e-01
3.441031e-01
3.227965e-01
5.922178e-01
6.133486e-01
6.100122e-01
5.934806e-01
5.678935e-01
5.452154e-01
4.256371e-01
5.089577e-01
3.924301e-01
5.190068e-01
4.605753e-01
5.398465e-01
4.217780e-01
6.015270e-01
4.494758e-01
4.406999e-01
4.086701e-01
3.844935e-01
5.157928e-01
5.929654e-01
4.622644e-01
4.291334e-01
3.159523e-01
3.525134e-01
4.205783e-01
4.167946e-01
3.587606e-01
3.851962e-01
3.750536e-01
4.204423e-01
3.870481e-01
4.037291e-01
3.715390e-01
3.937050e-01
4.494758e-01
4.278977e-01
4.086701e-01
4.184332e-01
4.635957e-01
4.389882e-01
6.909137e-01
7.066218e-01
3.195573e-01
3.607111e-01
3.944227e-01
3.973558e-01
4.815963e-01
4.037291e-01
5.631635e-01
3.937050e-01
3.587606e-01
3.635243e-01
3.750536e-01
3.680562e-01
4.635957e-01
4.389882e-01
3.944227e-01
3.973558e-01
5.274183e-01
4.749557e-01
6.909137e-01
7.066218e-01
3.635243e-01
3.680562e-01
4.815963e-01
5.631635e-01
4.205783e-01
4.167946e-01
4.622644e-01
4.291334e-01
4.955977e-01
4.383542e-01
5.157928e-01
5.929654e-01
3.870481e-01
3.715390e-01
3.851962e-01
4.204423e-01
7.491171e-01
6.906244e-01
5.108834e-01
6.015270e-01
4.539597e-01
4.855105e-01
4.286323e-01
4.217780e-01
4.539597e-01
4.855105e-01
3.728461e-01
3.924301e-01
7.491171e-01
6.906244e-01
4.134426e-01
5.190068e-01
avg_bond_length = 1.010620
