0 162 166
0 163 165
0 164 163
0 165 162
0 166 164
1 167 170
1 168 169
1 169 171
1 170 168
1 171 167
2 172 173
2 173 175
2 174 172
2 175 412
2 412 174
3 176 178
3 177 176
3 178 467
3 179 177
3 467 179
4 180 480
4 181 425
4 182 181
4 425 180
4 480 182
5 183 522
5 184 185
5 185 556
5 522 184
5 556 183
6 186 187
6 187 493
6 438 186
6 493 590
6 590 438
7 188 535
7 189 188
7 535 603
7 569 189
7 603 569
8 190 604
8 449 591
8 546 449
8 591 190
8 604 546
9 191 616
9 458 551
9 551 628
9 616 458
9 628 191
10 504 580
10 580 611
10 598 504
10 611 640
10 640 598
11 513 623
11 585 513
11 623 641
11 635 585
11 641 635
12 192 194
12 193 282
12 194 193
12 195 196
12 196 192
12 282 195
13 197 199
13 198 287
13 199 198
13 200 201
13 201 197
13 287 200
14 202 203
14 203 433
14 204 205
14 205 202
14 292 204
14 433 292
15 206 207
15 207 420
15 208 206
15 296 428
15 420 296
15 428 208
16 209 210
16 210 444
16 211 209
16 299 415
16 415 211
16 444 299
17 212 214
17 213 302
17 214 213
17 215 216
17 216 212
17 302 215
18 217 219
18 218 307
18 219 218
18 220 221
18 221 217
18 307 220
19 222 224
19 223 312
19 224 223
19 225 222
19 312 483
19 483 225
20 226 227
20 227 488
20 228 226
20 316 470
20 470 228
20 488 316
21 229 230
21 230 475
21 231 229
21 319 497
21 475 319
21 497 231
22 232 234
22 233 322
22 234 233
22 235 236
22 236 232
22 322 235
23 237 239
23 238 327
23 239 238
23 240 237
23 327 525
23 525 240
24 241 242
24 242 530
24 331 423
24 423 454
24 454 241
24 530 331
25 243 465
25 244 243
25 335 539
25 418 335
25 465 418
25 539 244
26 245 247
26 246 339
26 247 246
26 248 249
26 249 245
26 339 248
27 250 251
27 251 564
27 252 253
27 253 250
27 344 252
27 564 344
28 254 511
28 255 254
28 348 559
28 473 348
28 511 473
28 559 255
29 256 257
29 257 575
29 352 478
29 478 518
29 518 256
29 575 352
30 258 502
30 356 436
30 436 442
30 442 258
30 486 356
30 502 486
31 259 456
31 260 261
31 261 259
31 361 260
31 431 361
31 456 431
32 262 263
32 263 593
32 366 491
32 491 509
32 509 262
32 593 366
33 264 544
33 370 567
33 528 370
33 544 528
33 567 573
33 573 264
34 265 267
34 266 375
34 267 266
34 375 533
34 533 549
34 549 265
35 268 583
35 269 268
35 380 606
35 562 380
35 583 562
35 606 269
36 270 272
36 271 384
36 272 271
36 384 447
36 447 463
36 463 270
37 273 520
37 274 273
37 389 618
37 500 389
37 520 500
37 618 274
38 275 554
38 276 277
38 277 275
38 393 276
38 542 393
38 554 542
39 278 279
39 279 630
39 398 578
39 578 588
39 588 278
39 630 398
40 280 614
40 402 596
40 596 601
40 601 280
40 609 402
40 614 609
41 281 626
41 407 633
41 621 407
41 626 621
41 633 638
41 638 281
42 282 284
42 283 162
42 284 283
42 285 286
42 286 282
42 162 285
43 287 289
43 288 163
43 289 288
43 290 291
43 291 287
43 163 290
44 292 293
44 293 290
44 294 295
44 295 292
44 164 294
44 290 164
45 296 297
45 297 285
45 298 296
45 165 288
45 285 165
45 288 298
46 299 300
46 300 294
46 301 299
46 166 283
46 283 301
46 294 166
47 302 304
47 303 167
47 304 303
47 305 306
47 306 302
47 167 305
48 307 309
48 308 168
48 309 308
48 310 311
48 311 307
48 168 310
49 312 314
49 313 169
49 314 313
49 315 312
49 169 308
49 308 315
50 316 317
50 317 310
50 318 316
50 170 303
50 303 318
50 310 170
51 319 320
51 320 305
51 321 319
51 171 313
51 305 171
51 313 321
52 322 324
52 323 172
52 324 323
52 325 326
52 326 322
52 172 325
53 327 329
53 328 173
53 329 328
53 330 327
53 173 323
53 323 330
54 331 332
54 332 325
54 333 334
54 334 331
54 174 333
54 325 174
55 335 337
55 336 175
55 337 336
55 338 335
55 175 328
55 328 338
56 339 341
56 340 176
56 341 340
56 342 343
56 343 339
56 176 342
57 344 345
57 345 342
57 346 347
57 347 344
57 177 346
57 342 177
58 348 350
58 349 178
58 350 349
58 351 348
58 178 340
58 340 351
59 352 353
59 353 346
59 354 355
59 355 352
59 179 354
59 346 179
60 356 358
60 357 180
60 358 357
60 359 360
60 360 356
60 180 359
61 361 363
61 362 181
61 363 362
61 364 365
61 365 361
61 181 364
62 366 367
62 367 364
62 368 369
62 369 366
62 182 368
62 364 182
63 370 372
63 371 183
63 372 371
63 373 374
63 374 370
63 183 373
64 375 377
64 376 184
64 377 376
64 378 379
64 379 375
64 184 378
65 380 382
65 381 185
65 382 381
65 383 380
65 185 376
65 376 383
66 384 386
66 385 186
66 386 385
66 387 388
66 388 384
66 186 387
67 389 391
67 390 187
67 391 390
67 392 389
67 187 385
67 385 392
68 393 395
68 394 188
68 395 394
68 396 397
68 397 393
68 188 396
69 398 399
69 399 396
69 400 401
69 401 398
69 189 400
69 396 189
70 402 404
70 403 190
70 404 403
70 405 406
70 406 402
70 190 405
71 407 409
71 408 191
71 409 408
71 410 411
71 411 407
71 191 410
72 412 336
72 413 192
72 414 333
72 192 414
72 333 412
72 336 413
73 415 301
73 416 417
73 417 415
73 193 416
73 284 193
73 301 284
74 418 419
74 419 416
74 194 413
74 337 418
74 413 337
74 416 194
75 420 422
75 421 195
75 422 421
75 195 286
75 286 297
75 297 420
76 423 334
76 424 423
76 196 421
76 334 414
76 414 196
76 421 424
77 425 362
77 426 197
77 427 359
77 197 427
77 359 425
77 362 426
78 428 298
78 429 430
78 430 428
78 198 429
78 289 198
78 298 289
79 431 432
79 432 429
79 199 426
79 363 431
79 426 363
79 429 199
80 433 435
80 434 200
80 435 434
80 200 291
80 291 293
80 293 433
81 436 360
81 437 436
81 201 434
81 360 427
81 427 201
81 434 437
82 438 440
82 439 202
82 440 439
82 441 387
82 202 441
82 387 438
83 442 437
83 443 442
83 203 439
83 435 203
83 437 435
83 439 443
84 444 446
84 445 204
84 446 445
84 204 295
84 295 300
84 300 444
85 447 388
85 448 447
85 205 445
85 388 441
85 441 205
85 445 448
86 449 451
86 450 206
86 451 450
86 452 453
86 453 449
86 206 452
87 454 424
87 455 454
87 207 450
87 422 207
87 424 422
87 450 455
88 456 457
88 457 452
88 208 430
88 430 432
88 432 456
88 452 208
89 458 460
89 459 209
89 460 459
89 461 462
89 462 458
89 209 461
90 463 448
90 464 463
90 210 459
90 446 210
90 448 446
90 459 464
91 465 466
91 466 461
91 211 417
91 417 419
91 419 465
91 461 211
92 467 349
92 468 212
92 469 354
92 212 469
92 349 468
92 354 467
93 470 318
93 471 472
93 472 470
93 213 471
93 304 213
93 318 304
94 473 474
94 474 471
94 214 468
94 350 473
94 468 350
94 471 214
95 475 477
95 476 215
95 477 476
95 215 306
95 306 320
95 320 475
96 478 355
96 479 478
96 216 476
96 355 469
96 469 216
96 476 479
97 480 357
97 481 217
97 482 368
97 217 482
97 357 481
97 368 480
98 483 315
98 484 485
98 485 483
98 218 484
98 309 218
98 315 309
99 486 487
99 487 484
99 219 481
99 358 486
99 481 358
99 484 219
100 488 490
100 489 220
100 490 489
100 220 311
100 311 317
100 317 488
101 491 369
101 492 491
101 221 489
101 369 482
101 482 221
101 489 492
102 493 390
102 494 222
102 495 496
102 496 493
102 222 495
102 390 494
103 497 321
103 498 499
103 499 497
103 223 498
103 314 223
103 321 314
104 500 501
104 501 498
104 224 494
104 391 500
104 494 391
104 498 224
105 502 503
105 503 495
105 225 485
105 485 487
105 487 502
105 495 225
106 504 506
106 505 226
106 506 505
106 507 508
106 508 504
106 226 507
107 509 492
107 510 509
107 227 505
107 490 227
107 492 490
107 505 510
108 511 512
108 512 507
108 228 472
108 472 474
108 474 511
108 507 228
109 513 515
109 514 229
109 515 514
109 516 517
109 517 513
109 229 516
110 518 479
110 519 518
110 230 514
110 477 230
110 479 477
110 514 519
111 520 521
111 521 516
111 231 499
111 499 501
111 501 520
111 516 231
112 522 371
112 523 232
112 524 378
112 232 524
112 371 523
112 378 522
113 525 330
113 526 527
113 527 525
113 233 526
113 324 233
113 330 324
114 528 529
114 529 526
114 234 523
114 372 528
114 523 372
114 526 234
115 530 532
115 531 235
115 532 531
115 235 326
115 326 332
115 332 530
116 533 379
116 534 533
116 236 531
116 379 524
116 524 236
116 531 534
117 535 394
117 536 237
117 537 538
117 538 535
117 237 537
117 394 536
118 539 338
118 540 541
118 541 539
118 238 540
118 329 238
118 338 329
119 542 543
119 543 540
119 239 536
119 395 542
119 536 395
119 540 239
120 544 545
120 545 537
120 240 527
120 527 529
120 529 544
120 537 240
121 546 548
121 547 241
121 548 547
121 241 455
121 451 546
121 455 451
122 549 534
122 550 549
122 242 547
122 532 242
122 534 532
122 547 550
123 551 462
123 552 553
123 553 551
123 243 552
123 462 466
123 466 243
124 554 555
124 555 552
124 244 541
124 541 543
124 543 554
124 552 244
125 556 381
125 557 245
125 558 373
125 245 558
125 373 556
125 381 557
126 559 351
126 560 561
126 561 559
126 246 560
126 341 246
126 351 341
127 562 563
127 563 560
127 247 557
127 382 562
127 557 382
127 560 247
128 564 566
128 565 248
128 566 565
128 248 343
128 343 345
128 345 564
129 567 374
129 568 567
129 249 565
129 374 558
129 558 249
129 565 568
130 569 571
130 570 250
130 571 570
130 572 400
130 250 572
130 400 569
131 573 568
131 574 573
131 251 570
131 566 251
131 568 566
131 570 574
132 575 577
132 576 252
132 577 576
132 252 347
132 347 353
132 353 575
133 578 401
133 579 578
133 253 576
133 401 572
133 572 253
133 576 579
134 580 508
134 581 582
134 582 580
134 254 581
134 508 512
134 512 254
135 583 584
135 584 581
135 255 561
135 561 563
135 563 583
135 581 255
136 585 587
136 586 256
136 587 586
136 256 519
136 515 585
136 519 515
137 588 579
137 589 588
137 257 586
137 577 257
137 579 577
137 586 589
138 590 496
138 258 443
138 440 590
138 443 440
138 496 503
138 503 258
139 591 453
139 592 405
139 259 592
139 405 591
139 453 457
139 457 259
140 593 595
140 594 260
140 595 594
140 260 365
140 365 367
140 367 593
141 596 406
141 597 596
141 261 594
141 406 592
141 592 261
141 594 597
142 598 600
142 599 262
142 600 599
142 262 510
142 506 598
142 510 506
143 601 597
143 602 601
143 263 599
143 595 263
143 597 595
143 599 602
144 603 538
144 264 574
144 538 545
144 545 264
144 571 603
144 574 571
145 604 403
145 605 265
145 265 550
145 403 605
145 548 604
145 550 548
146 606 383
146 607 608
146 608 606
146 266 607
146 377 266
146 383 377
147 609 610
147 610 607
147 267 605
147 404 609
147 605 404
147 607 267
148 611 582
148 612 613
148 613 611
148 268 612
148 582 584
148 584 268
149 614 615
149 615 612
149 269 608
149 608 610
149 610 614
149 612 269
150 616 408
150 617 270
150 270 464
150 408 617
150 460 616
150 464 460
151 618 392
151 619 620
151 620 618
151 271 619
151 386 271
151 392 386
152 621 622
152 622 619
152 272 617
152 409 621
152 617 409
152 619 272
153 623 517
153 624 625
153 625 623
153 273 624
153 517 521
153 521 273
154 626 627
154 627 624
154 274 620
154 620 622
154 622 626
154 624 274
155 628 553
155 629 410
155 275 629
155 410 628
155 553 555
155 555 275
156 630 632
156 631 276
156 632 631
156 276 397
156 397 399
156 399 630
157 633 411
157 634 633
157 277 631
157 411 629
157 629 277
157 631 634
158 635 637
158 636 278
158 637 636
158 278 589
158 587 635
158 589 587
159 638 634
159 639 638
159 279 636
159 632 279
159 634 632
159 636 639
160 640 613
160 280 602
160 600 640
160 602 600
160 613 615
160 615 280
161 641 625
161 281 639
161 625 627
161 627 281
161 637 641
161 639 637
162 283 166
162 165 285
163 288 165
163 164 290
164 166 294
167 303 170
167 171 305
168 308 169
168 170 310
169 313 171
172 323 173
172 174 325
173 328 175
174 412 333
175 336 412
176 340 178
176 177 342
177 179 346
178 349 467
179 467 354
180 357 480
180 425 359
181 362 425
181 182 364
182 480 368
183 371 522
183 556 373
184 376 185
184 522 378
185 381 556
186 385 187
186 438 387
187 390 493
188 394 535
188 189 396
189 569 400
190 403 604
190 591 405
191 408 616
191 628 410
192 413 194
192 196 414
193 284 282
193 194 416
195 421 196
195 282 286
197 426 199
197 201 427
198 289 287
198 199 429
200 434 201
200 287 291
202 439 203
202 205 441
203 435 433
204 445 205
204 292 295
206 450 207
206 208 452
207 422 420
208 428 430
209 459 210
209 211 461
210 446 444
211 415 417
212 468 214
212 216 469
213 304 302
213 214 471
215 476 216
215 302 306
217 481 219
217 221 482
218 309 307
218 219 484
220 489 221
220 307 311
222 494 224
222 225 495
223 314 312
223 224 498
225 483 485
226 505 227
226 228 507
227 490 488
228 470 472
229 514 230
229 231 516
230 477 475
231 497 499
232 523 234
232 236 524
233 324 322
233 234 526
235 531 236
235 322 326
237 536 239
237 240 537
238 329 327
238 239 540
240 525 527
241 547 242
241 454 455
242 532 530
243 466 465
243 244 552
244 539 541
245 557 247
245 249 558
246 341 339
246 247 560
248 565 249
248 339 343
250 570 251
250 253 572
251 566 564
252 576 253
252 344 347
254 512 511
254 255 581
255 559 561
256 586 257
256 518 519
257 577 575
258 503 502
258 442 443
259 457 456
259 261 592
260 594 261
260 361 365
262 599 263
262 509 510
263 595 593
264 545 544
264 573 574
265 605 267
265 549 550
266 377 375
266 267 607
268 584 583
268 269 612
269 606 608
270 617 272
270 463 464
271 386 384
271 272 619
273 521 520
273 274 624
274 618 620
275 555 554
275 277 629
276 631 277
276 393 397
278 636 279
278 588 589
279 632 630
280 615 614
280 601 602
281 627 626
281 638 639
283 284 301
285 297 286
288 289 298
290 293 291
292 433 293
294 300 295
296 420 297
296 298 428
299 444 300
299 301 415
303 304 318
305 320 306
308 309 315
310 317 311
312 315 483
313 314 321
316 488 317
316 318 470
319 475 320
319 321 497
323 324 330
325 332 326
327 330 525
328 329 338
331 530 332
331 334 423
333 414 334
335 418 337
335 338 539
336 337 413
340 341 351
342 345 343
344 564 345
346 353 347
348 473 350
348 351 559
349 350 468
352 575 353
352 355 478
354 469 355
356 486 358
356 360 436
357 358 481
359 427 360
361 431 363
362 363 426
364 367 365
366 593 367
366 369 491
368 482 369
370 528 372
370 374 567
371 372 523
373 558 374
375 379 533
376 377 383
378 524 379
380 562 382
380 383 606
381 382 557
384 388 447
385 386 392
387 441 388
389 500 391
389 392 618
390 391 494
393 542 395
394 395 536
396 399 397
398 630 399
398 401 578
400 572 401
402 609 404
402 406 596
403 404 605
405 592 406
407 621 409
407 411 633
408 409 617
410 629 411
416 419 417
418 465 419
421 422 424
423 424 454
429 432 430
431 456 432
434 435 437
436 437 442
438 590 440
439 440 443
445 446 448
447 448 463
449 546 451
449 453 591
450 451 455
452 457 453
458 616 460
458 462 551
459 460 464
461 466 462
471 474 472
473 511 474
476 477 479
478 479 518
484 487 485
486 502 487
489 490 492
491 492 509
493 496 590
495 503 496
498 501 499
500 520 501
504 598 506
504 508 580
505 506 510
507 512 508
513 585 515
513 517 623
514 515 519
516 521 517
526 529 527
528 544 529
531 532 534
533 534 549
535 538 603
537 545 538
540 543 541
542 554 543
546 604 548
547 548 550
551 553 628
552 555 553
560 563 561
562 583 563
565 566 568
567 568 573
569 603 571
570 571 574
576 577 579
578 579 588
580 582 611
581 584 582
585 635 587
586 587 589
594 595 597
596 597 601
598 640 600
599 600 602
607 610 608
609 614 610
611 613 640
612 615 613
619 622 620
621 626 622
623 625 641
624 627 625
631 632 634
633 634 638
635 641 637
636 637 639
