0 642 646
0 643 645
0 644 643
0 645 642
0 646 644
1 647 650
1 648 649
1 649 651
1 650 648
1 651 647
2 652 653
2 653 655
2 654 652
2 655 2052
2 2052 654
3 656 658
3 657 656
3 658 2177
3 659 657
3 2177 659
4 660 2204
4 661 2079
4 662 661
4 2079 660
4 2204 662
5 663 2302
5 664 665
5 665 2378
5 2302 664
5 2378 663
6 666 667
6 667 2231
6 2106 666
6 2231 2454
6 2454 2106
7 668 2329
7 669 668
7 2329 2481
7 2405 669
7 2481 2405
8 670 2482
8 2131 2455
8 2354 2131
8 2455 670
8 2482 2354
9 671 2508
9 2154 2366
9 2366 2534
9 2508 2154
9 2534 671
10 2256 2430
10 2430 2496
10 2469 2256
10 2496 2560
10 2560 2469
11 2279 2522
11 2442 2279
11 2522 2561
11 2548 2442
11 2561 2548
12 672 674
12 673 1642
12 674 673
12 675 676
12 676 672
12 1642 675
13 677 679
13 678 1655
13 679 678
13 680 681
13 681 677
13 1655 680
14 682 683
14 683 2094
14 684 685
14 685 682
14 1668 684
14 2094 1668
15 686 687
15 687 2067
15 688 686
15 1679 2082
15 2067 1679
15 2082 688
16 689 690
16 690 2119
16 691 689
16 1688 2055
16 2055 691
16 2119 1688
17 692 694
17 693 1697
17 694 693
17 695 696
17 696 692
17 1697 695
18 697 699
18 698 1710
18 699 698
18 700 701
18 701 697
18 1710 700
19 702 704
19 703 1723
19 704 703
19 705 702
19 1723 2207
19 2207 705
20 706 707
20 707 2219
20 708 706
20 1734 2180
20 2180 708
20 2219 1734
21 709 710
21 710 2192
21 711 709
21 1743 2241
21 2192 1743
21 2241 711
22 712 714
22 713 1752
22 714 713
22 715 716
22 716 712
22 1752 715
23 717 719
23 718 1765
23 719 718
23 720 717
23 1765 2305
23 2305 720
24 721 722
24 722 2317
24 1776 2074
24 2074 2148
24 2148 721
24 2317 1776
25 723 2174
25 724 723
25 1790 2339
25 2062 1790
25 2174 2062
25 2339 724
26 725 727
26 726 1804
26 727 726
26 728 729
26 729 725
26 1804 728
27 730 731
27 731 2393
27 732 733
27 733 730
27 1817 732
27 2393 1817
28 734 2276
28 735 734
28 1828 2381
28 2187 1828
28 2276 2187
28 2381 735
29 736 737
29 737 2418
29 1842 2199
29 2199 2296
29 2296 736
29 2418 1842
30 738 2253
30 1856 2101
30 2101 2116
30 2116 738
30 2214 1856
30 2253 2214
31 739 2151
31 740 741
31 741 739
31 1875 740
31 2089 1875
31 2151 2089
32 742 743
32 743 2457
32 1891 2226
32 2226 2273
32 2273 742
32 2457 1891
33 744 2351
33 1905 2400
33 2312 1905
33 2351 2312
33 2400 2415
33 2415 744
34 745 747
34 746 1924
34 747 746
34 1924 2324
34 2324 2363
34 2363 745
35 748 2439
35 749 748
35 1940 2484
35 2388 1940
35 2439 2388
35 2484 749
36 750 752
36 751 1954
36 752 751
36 1954 2126
36 2126 2171
36 2171 750
37 753 2299
37 754 753
37 1970 2510
37 2248 1970
37 2299 2248
37 2510 754
38 755 2375
38 756 757
38 757 755
38 1984 756
38 2346 1984
38 2375 2346
39 758 759
39 759 2536
39 2000 2425
39 2425 2451
39 2451 758
39 2536 2000
40 760 2505
40 2014 2464
40 2464 2478
40 2478 760
40 2491 2014
40 2505 2491
41 761 2531
41 2033 2543
41 2517 2033
41 2531 2517
41 2543 2557
41 2557 761
42 762 764
42 763 1122
42 764 763
42 765 766
42 766 762
42 1122 765
43 767 769
43 768 1127
43 769 768
43 770 771
43 771 767
43 1127 770
44 772 773
44 773 1663
44 774 775
44 775 772
44 1132 774
44 1663 1132
45 776 777
45 777 1650
45 778 776
45 1136 1658
45 1650 1136
45 1658 778
46 779 780
46 780 1674
46 781 779
46 1139 1645
46 1645 781
46 1674 1139
47 782 784
47 783 1142
47 784 783
47 785 786
47 786 782
47 1142 785
48 787 789
48 788 1147
48 789 788
48 790 791
48 791 787
48 1147 790
49 792 794
49 793 1152
49 794 793
49 795 792
49 1152 1713
49 1713 795
50 796 797
50 797 1718
50 798 796
50 1156 1700
50 1700 798
50 1718 1156
51 799 800
51 800 1705
51 801 799
51 1159 1727
51 1705 1159
51 1727 801
52 802 804
52 803 1162
52 804 803
52 805 806
52 806 802
52 1162 805
53 807 809
53 808 1167
53 809 808
53 810 807
53 1167 1755
53 1755 810
54 811 812
54 812 1760
54 813 814
54 814 811
54 1171 813
54 1760 1171
55 815 817
55 816 1175
55 817 816
55 818 815
55 1175 1769
55 1769 818
56 819 821
56 820 1179
56 821 820
56 822 823
56 823 819
56 1179 822
57 824 825
57 825 1812
57 826 827
57 827 824
57 1184 826
57 1812 1184
58 828 830
58 829 1188
58 830 829
58 831 828
58 1188 1807
58 1807 831
59 832 833
59 833 1823
59 834 835
59 835 832
59 1192 834
59 1823 1192
60 836 838
60 837 1196
60 838 837
60 839 840
60 840 836
60 1196 839
61 841 843
61 842 1201
61 843 842
61 844 845
61 845 841
61 1201 844
62 846 847
62 847 1886
62 848 849
62 849 846
62 1206 848
62 1886 1206
63 850 852
63 851 1210
63 852 851
63 853 854
63 854 850
63 1210 853
64 855 857
64 856 1215
64 857 856
64 858 859
64 859 855
64 1215 858
65 860 862
65 861 1220
65 862 861
65 863 860
65 1220 1928
65 1928 863
66 864 866
66 865 1224
66 866 865
66 867 868
66 868 864
66 1224 867
67 869 871
67 870 1229
67 871 870
67 872 869
67 1229 1958
67 1958 872
68 873 875
68 874 1233
68 875 874
68 876 877
68 877 873
68 1233 876
69 878 879
69 879 1995
69 880 881
69 881 878
69 1238 880
69 1995 1238
70 882 884
70 883 1242
70 884 883
70 885 886
70 886 882
70 1242 885
71 887 889
71 888 1247
71 889 888
71 890 891
71 891 887
71 1247 890
72 892 1795
72 893 1252
72 894 1783
72 1252 894
72 1783 892
72 1795 893
73 895 1695
73 896 897
73 897 895
73 1257 896
73 1648 1257
73 1695 1648
74 898 899
74 899 2057
74 1262 2053
74 1799 898
74 2053 1799
74 2057 1262
75 900 902
75 901 1265
75 902 901
75 1265 1653
75 1653 1684
75 1684 900
76 903 1787
76 904 903
76 1270 2069
76 1787 2054
76 2054 1270
76 2069 904
77 905 1879
77 906 1273
77 907 1868
77 1273 907
77 1868 905
77 1879 906
78 908 1686
78 909 910
78 910 908
78 1278 909
78 1661 1278
78 1686 1661
79 911 912
79 912 2084
79 1283 2080
79 1883 911
79 2080 1883
79 2084 1283
80 913 915
80 914 1286
80 915 914
80 1286 1666
80 1666 1672
80 1672 913
81 916 1872
81 917 916
81 1291 2096
81 1872 2081
81 2081 1291
81 2096 917
82 918 920
82 919 1294
82 920 919
82 921 1963
82 1294 921
82 1963 918
83 922 2104
83 923 922
83 1299 2109
83 2099 1299
83 2104 2099
83 2109 923
84 924 926
84 925 1303
84 926 925
84 1303 1677
84 1677 1693
84 1693 924
85 927 1967
85 928 927
85 1308 2121
85 1967 2115
85 2115 1308
85 2121 928
86 929 931
86 930 1311
86 931 930
86 932 933
86 933 929
86 1311 932
87 934 2077
87 935 934
87 1316 2136
87 2072 1316
87 2077 2072
87 2136 935
88 936 937
88 937 2142
88 1320 2087
88 2087 2092
88 2092 936
88 2142 1320
89 938 940
89 939 1324
89 940 939
89 941 942
89 942 938
89 1324 941
90 943 2129
90 944 943
90 1329 2159
90 2124 1329
90 2129 2124
90 2159 944
91 945 946
91 946 2165
91 1333 2060
91 2060 2065
91 2065 945
91 2165 1333
92 947 1833
92 948 1337
92 949 1849
92 1337 949
92 1833 948
92 1849 947
93 950 1741
93 951 952
93 952 950
93 1342 951
93 1703 1342
93 1741 1703
94 953 954
94 954 2182
94 1347 2178
94 1837 953
94 2178 1837
94 2182 1347
95 955 957
95 956 1350
95 957 956
95 1350 1708
95 1708 1748
95 1748 955
96 958 1853
96 959 958
96 1355 2194
96 1853 2179
96 2179 1355
96 2194 959
97 960 1861
97 961 1358
97 962 1898
97 1358 962
97 1861 961
97 1898 960
98 963 1732
98 964 965
98 965 963
98 1363 964
98 1716 1363
98 1732 1716
99 966 967
99 967 2209
99 1368 2205
99 1865 966
99 2205 1865
99 2209 1368
100 968 970
100 969 1371
100 970 969
100 1371 1721
100 1721 1739
100 1739 968
101 971 1902
101 972 971
101 1376 2221
101 1902 2206
101 2206 1376
101 2221 972
102 973 1975
102 974 1379
102 975 976
102 976 973
102 1379 975
102 1975 974
103 977 1750
103 978 979
103 979 977
103 1384 978
103 1730 1384
103 1750 1730
104 980 981
104 981 2243
104 1389 2234
104 1979 980
104 2234 1979
104 2243 1389
105 982 983
105 983 2235
105 1392 2212
105 2212 2217
105 2217 982
105 2235 1392
106 984 986
106 985 1396
106 986 985
106 987 988
106 988 984
106 1396 987
107 989 2229
107 990 989
107 1401 2261
107 2224 1401
107 2229 2224
107 2261 990
108 991 992
108 992 2267
108 1405 2185
108 2185 2190
108 2190 991
108 2267 1405
109 993 995
109 994 1409
109 995 994
109 996 997
109 997 993
109 1409 996
110 998 2202
110 999 998
110 1414 2284
110 2197 1414
110 2202 2197
110 2284 999
111 1000 1001
111 1001 2290
111 1418 2246
111 2246 2251
111 2251 1000
111 2290 1418
112 1002 1910
112 1003 1422
112 1004 1933
112 1422 1004
112 1910 1003
112 1933 1002
113 1005 1774
113 1006 1007
113 1007 1005
113 1427 1006
113 1758 1427
113 1774 1758
114 1008 1009
114 1009 2307
114 1432 2303
114 1914 1008
114 2303 1914
114 2307 1432
115 1010 1012
115 1011 1435
115 1012 1011
115 1435 1763
115 1763 1781
115 1781 1010
116 1013 1937
116 1014 1013
116 1440 2319
116 1937 2304
116 2304 1440
116 2319 1014
117 1015 1988
117 1016 1443
117 1017 1018
117 1018 1015
117 1443 1017
117 1988 1016
118 1019 1802
118 1020 1021
118 1021 1019
118 1448 1020
118 1772 1448
118 1802 1772
119 1022 1023
119 1023 2341
119 1453 2332
119 1992 1022
119 2332 1992
119 2341 1453
120 1024 1025
120 1025 2333
120 1456 2310
120 2310 2315
120 2315 1024
120 2333 1456
121 1026 1028
121 1027 1460
121 1028 1027
121 1460 2150
121 2139 1026
121 2150 2139
122 1029 2327
122 1030 1029
122 1465 2357
122 2322 1465
122 2327 2322
122 2357 1030
123 1031 2168
123 1032 1033
123 1033 1031
123 1469 1032
123 2168 2176
123 2176 1469
124 1034 1035
124 1035 2369
124 1474 2344
124 2344 2349
124 2349 1034
124 2369 1474
125 1036 1945
125 1037 1478
125 1038 1917
125 1478 1038
125 1917 1036
125 1945 1037
126 1039 1840
126 1040 1041
126 1041 1039
126 1483 1040
126 1810 1483
126 1840 1810
127 1042 1043
127 1043 2383
127 1488 2379
127 1949 1042
127 2379 1949
127 2383 1488
128 1044 1046
128 1045 1491
128 1046 1045
128 1491 1815
128 1815 1821
128 1821 1044
129 1047 1921
129 1048 1047
129 1496 2395
129 1921 2380
129 2380 1496
129 2395 1048
130 1049 1051
130 1050 1499
130 1051 1050
130 1052 2007
130 1499 1052
130 2007 1049
131 1053 2403
131 1054 1053
131 1504 2408
131 2398 1504
131 2403 2398
131 2408 1054
132 1055 1057
132 1056 1508
132 1057 1056
132 1508 1826
132 1826 1847
132 1847 1055
133 1058 2011
133 1059 1058
133 1513 2420
133 2011 2414
133 2414 1513
133 2420 1059
134 1060 2270
134 1061 1062
134 1062 1060
134 1516 1061
134 2270 2278
134 2278 1516
135 1063 1064
135 1064 2433
135 1521 2386
135 2386 2391
135 2391 1063
135 2433 1521
136 1065 1067
136 1066 1525
136 1067 1066
136 1525 2298
136 2287 1065
136 2298 2287
137 1068 2428
137 1069 1068
137 1530 2445
137 2423 1530
137 2428 2423
137 2445 1069
138 1070 2238
138 1534 2118
138 2112 1070
138 2118 2112
138 2238 2255
138 2255 1534
139 1071 2145
139 1072 2026
139 1539 1072
139 2026 1071
139 2145 2153
139 2153 1539
140 1073 1075
140 1074 1544
140 1075 1074
140 1544 1889
140 1889 1896
140 1896 1073
141 1076 2030
141 1077 1076
141 1549 2459
141 2030 2456
141 2456 1549
141 2459 1077
142 1078 1080
142 1079 1552
142 1080 1079
142 1552 2275
142 2264 1078
142 2275 2264
143 1081 2467
143 1082 1081
143 1557 2472
143 2462 1557
143 2467 2462
143 2472 1082
144 1083 2336
144 1561 2417
144 2336 2353
144 2353 1561
144 2411 1083
144 2417 2411
145 1084 2019
145 1085 1566
145 1566 2365
145 2019 1085
145 2360 1084
145 2365 2360
146 1086 1952
146 1087 1088
146 1088 1086
146 1571 1087
146 1931 1571
146 1952 1931
147 1089 1090
147 1090 2486
147 1576 2483
147 2023 1089
147 2483 2023
147 2486 1576
148 1091 2436
148 1092 1093
148 1093 1091
148 1579 1092
148 2436 2441
148 2441 1579
149 1094 1095
149 1095 2499
149 1584 2489
149 2489 2494
149 2494 1094
149 2499 1584
150 1096 2038
150 1097 1588
150 1588 2173
150 2038 1097
150 2162 1096
150 2173 2162
151 1098 1982
151 1099 1100
151 1100 1098
151 1593 1099
151 1961 1593
151 1982 1961
152 1101 1102
152 1102 2512
152 1598 2509
152 2042 1101
152 2509 2042
152 2512 1598
153 1103 2293
153 1104 1105
153 1105 1103
153 1601 1104
153 2293 2301
153 2301 1601
154 1106 1107
154 1107 2525
154 1606 2515
154 2515 2520
154 2520 1106
154 2525 1606
155 1108 2372
155 1109 2045
155 1610 1109
155 2045 1108
155 2372 2377
155 2377 1610
156 1110 1112
156 1111 1615
156 1112 1111
156 1615 1998
156 1998 2005
156 2005 1110
157 1113 2049
157 1114 1113
157 1620 2538
157 2049 2535
157 2535 1620
157 2538 1114
158 1115 1117
158 1116 1623
158 1117 1116
158 1623 2453
158 2448 1115
158 2453 2448
159 1118 2546
159 1119 1118
159 1628 2551
159 2541 1628
159 2546 2541
159 2551 1119
160 1120 2502
160 1632 2480
160 2475 1120
160 2480 2475
160 2502 2507
160 2507 1632
161 1121 2528
161 1637 2559
161 2528 2533
161 2533 1637
161 2554 1121
161 2559 2554
162 1122 1124
162 1123 642
162 1124 1123
162 1125 1126
162 1126 1122
162 642 1125
163 1127 1129
163 1128 643
163 1129 1128
163 1130 1131
163 1131 1127
163 643 1130
164 1132 1133
164 1133 1130
164 1134 1135
164 1135 1132
164 644 1134
164 1130 644
165 1136 1137
165 1137 1125
165 1138 1136
165 645 1128
165 1125 645
165 1128 1138
166 1139 1140
166 1140 1134
166 1141 1139
166 646 1123
166 1123 1141
166 1134 646
167 1142 1144
167 1143 647
167 1144 1143
167 1145 1146
167 1146 1142
167 647 1145
168 1147 1149
168 1148 648
168 1149 1148
168 1150 1151
168 1151 1147
168 648 1150
169 1152 1154
169 1153 649
169 1154 1153
169 1155 1152
169 649 1148
169 1148 1155
170 1156 1157
170 1157 1150
170 1158 1156
170 650 1143
170 1143 1158
170 1150 650
171 1159 1160
171 1160 1145
171 1161 1159
171 651 1153
171 1145 651
171 1153 1161
172 1162 1164
172 1163 652
172 1164 1163
172 1165 1166
172 1166 1162
172 652 1165
173 1167 1169
173 1168 653
173 1169 1168
173 1170 1167
173 653 1163
173 1163 1170
174 1171 1172
174 1172 1165
174 1173 1174
174 1174 1171
174 654 1173
174 1165 654
175 1175 1177
175 1176 655
175 1177 1176
175 1178 1175
175 655 1168
175 1168 1178
176 1179 1181
176 1180 656
176 1181 1180
176 1182 1183
176 1183 1179
176 656 1182
177 1184 1185
177 1185 1182
177 1186 1187
177 1187 1184
177 657 1186
177 1182 657
178 1188 1190
178 1189 658
178 1190 1189
178 1191 1188
178 658 1180
178 1180 1191
179 1192 1193
179 1193 1186
179 1194 1195
179 1195 1192
179 659 1194
179 1186 659
180 1196 1198
180 1197 660
180 1198 1197
180 1199 1200
180 1200 1196
180 660 1199
181 1201 1203
181 1202 661
181 1203 1202
181 1204 1205
181 1205 1201
181 661 1204
182 1206 1207
182 1207 1204
182 1208 1209
182 1209 1206
182 662 1208
182 1204 662
183 1210 1212
183 1211 663
183 1212 1211
183 1213 1214
183 1214 1210
183 663 1213
184 1215 1217
184 1216 664
184 1217 1216
184 1218 1219
184 1219 1215
184 664 1218
185 1220 1222
185 1221 665
185 1222 1221
185 1223 1220
185 665 1216
185 1216 1223
186 1224 1226
186 1225 666
186 1226 1225
186 1227 1228
186 1228 1224
186 666 1227
187 1229 1231
187 1230 667
187 1231 1230
187 1232 1229
187 667 1225
187 1225 1232
188 1233 1235
188 1234 668
188 1235 1234
188 1236 1237
188 1237 1233
188 668 1236
189 1238 1239
189 1239 1236
189 1240 1241
189 1241 1238
189 669 1240
189 1236 669
190 1242 1244
190 1243 670
190 1244 1243
190 1245 1246
190 1246 1242
190 670 1245
191 1247 1249
191 1248 671
191 1249 1248
191 1250 1251
191 1251 1247
191 671 1250
192 1252 1254
192 1253 672
192 1254 1253
192 1255 1256
192 1256 1252
192 672 1255
193 1257 1259
193 1258 673
193 1259 1258
193 1260 1261
193 1261 1257
193 673 1260
194 1262 1263
194 1263 1260
194 1264 1262
194 674 1253
194 1253 1264
194 1260 674
195 1265 1267
195 1266 675
195 1267 1266
195 1268 1269
195 1269 1265
195 675 1268
196 1270 1271
196 1271 1255
196 1272 1270
196 676 1266
196 1255 676
196 1266 1272
197 1273 1275
197 1274 677
197 1275 1274
197 1276 1277
197 1277 1273
197 677 1276
198 1278 1280
198 1279 678
198 1280 1279
198 1281 1282
198 1282 1278
198 678 1281
199 1283 1284
199 1284 1281
199 1285 1283
199 679 1274
199 1274 1285
199 1281 679
200 1286 1288
200 1287 680
200 1288 1287
200 1289 1290
200 1290 1286
200 680 1289
201 1291 1292
201 1292 1276
201 1293 1291
201 681 1287
201 1276 681
201 1287 1293
202 1294 1296
202 1295 682
202 1296 1295
202 1297 1298
202 1298 1294
202 682 1297
203 1299 1301
203 1300 683
203 1301 1300
203 1302 1299
203 683 1295
203 1295 1302
204 1303 1305
204 1304 684
204 1305 1304
204 1306 1307
204 1307 1303
204 684 1306
205 1308 1309
205 1309 1297
205 1310 1308
205 685 1304
205 1297 685
205 1304 1310
206 1311 1313
206 1312 686
206 1313 1312
206 1314 1315
206 1315 1311
206 686 1314
207 1316 1318
207 1317 687
207 1318 1317
207 1319 1316
207 687 1312
207 1312 1319
208 1320 1321
208 1321 1314
208 1322 1323
208 1323 1320
208 688 1322
208 1314 688
209 1324 1326
209 1325 689
209 1326 1325
209 1327 1328
209 1328 1324
209 689 1327
210 1329 1331
210 1330 690
210 1331 1330
210 1332 1329
210 690 1325
210 1325 1332
211 1333 1334
211 1334 1327
211 1335 1336
211 1336 1333
211 691 1335
211 1327 691
212 1337 1339
212 1338 692
212 1339 1338
212 1340 1341
212 1341 1337
212 692 1340
213 1342 1344
213 1343 693
213 1344 1343
213 1345 1346
213 1346 1342
213 693 1345
214 1347 1348
214 1348 1345
214 1349 1347
214 694 1338
214 1338 1349
214 1345 694
215 1350 1352
215 1351 695
215 1352 1351
215 1353 1354
215 1354 1350
215 695 1353
216 1355 1356
216 1356 1340
216 1357 1355
216 696 1351
216 1340 696
216 1351 1357
217 1358 1360
217 1359 697
217 1360 1359
217 1361 1362
217 1362 1358
217 697 1361
218 1363 1365
218 1364 698
218 1365 1364
218 1366 1367
218 1367 1363
218 698 1366
219 1368 1369
219 1369 1366
219 1370 1368
219 699 1359
219 1359 1370
219 1366 699
220 1371 1373
220 1372 700
220 1373 1372
220 1374 1375
220 1375 1371
220 700 1374
221 1376 1377
221 1377 1361
221 1378 1376
221 701 1372
221 1361 701
221 1372 1378
222 1379 1381
222 1380 702
222 1381 1380
222 1382 1383
222 1383 1379
222 702 1382
223 1384 1386
223 1385 703
223 1386 1385
223 1387 1388
223 1388 1384
223 703 1387
224 1389 1390
224 1390 1387
224 1391 1389
224 704 1380
224 1380 1391
224 1387 704
225 1392 1393
225 1393 1382
225 1394 1395
225 1395 1392
225 705 1394
225 1382 705
226 1396 1398
226 1397 706
226 1398 1397
226 1399 1400
226 1400 1396
226 706 1399
227 1401 1403
227 1402 707
227 1403 1402
227 1404 1401
227 707 1397
227 1397 1404
228 1405 1406
228 1406 1399
228 1407 1408
228 1408 1405
228 708 1407
228 1399 708
229 1409 1411
229 1410 709
229 1411 1410
229 1412 1413
229 1413 1409
229 709 1412
230 1414 1416
230 1415 710
230 1416 1415
230 1417 1414
230 710 1410
230 1410 1417
231 1418 1419
231 1419 1412
231 1420 1421
231 1421 1418
231 711 1420
231 1412 711
232 1422 1424
232 1423 712
232 1424 1423
232 1425 1426
232 1426 1422
232 712 1425
233 1427 1429
233 1428 713
233 1429 1428
233 1430 1431
233 1431 1427
233 713 1430
234 1432 1433
234 1433 1430
234 1434 1432
234 714 1423
234 1423 1434
234 1430 714
235 1435 1437
235 1436 715
235 1437 1436
235 1438 1439
235 1439 1435
235 715 1438
236 1440 1441
236 1441 1425
236 1442 1440
236 716 1436
236 1425 716
236 1436 1442
237 1443 1445
237 1444 717
237 1445 1444
237 1446 1447
237 1447 1443
237 717 1446
238 1448 1450
238 1449 718
238 1450 1449
238 1451 1452
238 1452 1448
238 718 1451
239 1453 1454
239 1454 1451
239 1455 1453
239 719 1444
239 1444 1455
239 1451 719
240 1456 1457
240 1457 1446
240 1458 1459
240 1459 1456
240 720 1458
240 1446 720
241 1460 1462
241 1461 721
241 1462 1461
241 1463 1464
241 1464 1460
241 721 1463
242 1465 1467
242 1466 722
242 1467 1466
242 1468 1465
242 722 1461
242 1461 1468
243 1469 1471
243 1470 723
243 1471 1470
243 1472 1473
243 1473 1469
243 723 1472
244 1474 1475
244 1475 1472
244 1476 1477
244 1477 1474
244 724 1476
244 1472 724
245 1478 1480
245 1479 725
245 1480 1479
245 1481 1482
245 1482 1478
245 725 1481
246 1483 1485
246 1484 726
246 1485 1484
246 1486 1487
246 1487 1483
246 726 1486
247 1488 1489
247 1489 1486
247 1490 1488
247 727 1479
247 1479 1490
247 1486 727
248 1491 1493
248 1492 728
248 1493 1492
248 1494 1495
248 1495 1491
248 728 1494
249 1496 1497
249 1497 1481
249 1498 1496
249 729 1492
249 1481 729
249 1492 1498
250 1499 1501
250 1500 730
250 1501 1500
250 1502 1503
250 1503 1499
250 730 1502
251 1504 1506
251 1505 731
251 1506 1505
251 1507 1504
251 731 1500
251 1500 1507
252 1508 1510
252 1509 732
252 1510 1509
252 1511 1512
252 1512 1508
252 732 1511
253 1513 1514
253 1514 1502
253 1515 1513
253 733 1509
253 1502 733
253 1509 1515
254 1516 1518
254 1517 734
254 1518 1517
254 1519 1520
254 1520 1516
254 734 1519
255 1521 1522
255 1522 1519
255 1523 1524
255 1524 1521
255 735 1523
255 1519 735
256 1525 1527
256 1526 736
256 1527 1526
256 1528 1529
256 1529 1525
256 736 1528
257 1530 1532
257 1531 737
257 1532 1531
257 1533 1530
257 737 1526
257 1526 1533
258 1534 1536
258 1535 738
258 1536 1535
258 1537 1538
258 1538 1534
258 738 1537
259 1539 1541
259 1540 739
259 1541 1540
259 1542 1543
259 1543 1539
259 739 1542
260 1544 1546
260 1545 740
260 1546 1545
260 1547 1548
260 1548 1544
260 740 1547
261 1549 1550
261 1550 1542
261 1551 1549
261 741 1545
261 1542 741
261 1545 1551
262 1552 1554
262 1553 742
262 1554 1553
262 1555 1556
262 1556 1552
262 742 1555
263 1557 1559
263 1558 743
263 1559 1558
263 1560 1557
263 743 1553
263 1553 1560
264 1561 1563
264 1562 744
264 1563 1562
264 1564 1565
264 1565 1561
264 744 1564
265 1566 1568
265 1567 745
265 1568 1567
265 1569 1570
265 1570 1566
265 745 1569
266 1571 1573
266 1572 746
266 1573 1572
266 1574 1575
266 1575 1571
266 746 1574
267 1576 1577
267 1577 1574
267 1578 1576
267 747 1567
267 1567 1578
267 1574 747
268 1579 1581
268 1580 748
268 1581 1580
268 1582 1583
268 1583 1579
268 748 1582
269 1584 1585
269 1585 1582
269 1586 1587
269 1587 1584
269 749 1586
269 1582 749
270 1588 1590
270 1589 750
270 1590 1589
270 1591 1592
270 1592 1588
270 750 1591
271 1593 1595
271 1594 751
271 1595 1594
271 1596 1597
271 1597 1593
271 751 1596
272 1598 1599
272 1599 1596
272 1600 1598
272 752 1589
272 1589 1600
272 1596 752
273 1601 1603
273 1602 753
273 1603 1602
273 1604 1605
273 1605 1601
273 753 1604
274 1606 1607
274 1607 1604
274 1608 1609
274 1609 1606
274 754 1608
274 1604 754
275 1610 1612
275 1611 755
275 1612 1611
275 1613 1614
275 1614 1610
275 755 1613
276 1615 1617
276 1616 756
276 1617 1616
276 1618 1619
276 1619 1615
276 756 1618
277 1620 1621
277 1621 1613
277 1622 1620
277 757 1616
277 1613 757
277 1616 1622
278 1623 1625
278 1624 758
278 1625 1624
278 1626 1627
278 1627 1623
278 758 1626
279 1628 1630
279 1629 759
279 1630 1629
279 1631 1628
279 759 1624
279 1624 1631
280 1632 1634
280 1633 760
280 1634 1633
280 1635 1636
280 1636 1632
280 760 1635
281 1637 1639
281 1638 761
281 1639 1638
281 1640 1641
281 1641 1637
281 761 1640
282 1642 1258
282 1643 762
282 1644 1268
282 762 1644
282 1258 1643
282 1268 1642
283 1645 1141
283 1646 1647
283 1647 1645
283 763 1646
283 1124 763
283 1141 1124
284 1648 1649
284 1649 1646
284 764 1643
284 1259 1648
284 1643 1259
284 1646 764
285 1650 1652
285 1651 765
285 1652 1651
285 765 1126
285 1126 1137
285 1137 1650
286 1653 1269
286 1654 1653
286 766 1651
286 1269 1644
286 1644 766
286 1651 1654
287 1655 1279
287 1656 767
287 1657 1289
287 767 1657
287 1279 1656
287 1289 1655
288 1658 1138
288 1659 1660
288 1660 1658
288 768 1659
288 1129 768
288 1138 1129
289 1661 1662
289 1662 1659
289 769 1656
289 1280 1661
289 1656 1280
289 1659 769
290 1663 1665
290 1664 770
290 1665 1664
290 770 1131
290 1131 1133
290 1133 1663
291 1666 1290
291 1667 1666
291 771 1664
291 1290 1657
291 1657 771
291 1664 1667
292 1668 1670
292 1669 772
292 1670 1669
292 1671 1306
292 772 1671
292 1306 1668
293 1672 1667
293 1673 1672
293 773 1669
293 1665 773
293 1667 1665
293 1669 1673
294 1674 1676
294 1675 774
294 1676 1675
294 774 1135
294 1135 1140
294 1140 1674
295 1677 1307
295 1678 1677
295 775 1675
295 1307 1671
295 1671 775
295 1675 1678
296 1679 1681
296 1680 776
296 1681 1680
296 1682 1683
296 1683 1679
296 776 1682
297 1684 1654
297 1685 1684
297 777 1680
297 1652 777
297 1654 1652
297 1680 1685
298 1686 1687
298 1687 1682
298 778 1660
298 1660 1662
298 1662 1686
298 1682 778
299 1688 1690
299 1689 779
299 1690 1689
299 1691 1692
299 1692 1688
299 779 1691
300 1693 1678
300 1694 1693
300 780 1689
300 1676 780
300 1678 1676
300 1689 1694
301 1695 1696
301 1696 1691
301 781 1647
301 1647 1649
301 1649 1695
301 1691 781
302 1697 1343
302 1698 782
302 1699 1353
302 782 1699
302 1343 1698
302 1353 1697
303 1700 1158
303 1701 1702
303 1702 1700
303 783 1701
303 1144 783
303 1158 1144
304 1703 1704
304 1704 1701
304 784 1698
304 1344 1703
304 1698 1344
304 1701 784
305 1705 1707
305 1706 785
305 1707 1706
305 785 1146
305 1146 1160
305 1160 1705
306 1708 1354
306 1709 1708
306 786 1706
306 1354 1699
306 1699 786
306 1706 1709
307 1710 1364
307 1711 787
307 1712 1374
307 787 1712
307 1364 1711
307 1374 1710
308 1713 1155
308 1714 1715
308 1715 1713
308 788 1714
308 1149 788
308 1155 1149
309 1716 1717
309 1717 1714
309 789 1711
309 1365 1716
309 1711 1365
309 1714 789
310 1718 1720
310 1719 790
310 1720 1719
310 790 1151
310 1151 1157
310 1157 1718
311 1721 1375
311 1722 1721
311 791 1719
311 1375 1712
311 1712 791
311 1719 1722
312 1723 1385
312 1724 792
312 1725 1726
312 1726 1723
312 792 1725
312 1385 1724
313 1727 1161
313 1728 1729
313 1729 1727
313 793 1728
313 1154 793
313 1161 1154
314 1730 1731
314 1731 1728
314 794 1724
314 1386 1730
314 1724 1386
314 1728 794
315 1732 1733
315 1733 1725
315 795 1715
315 1715 1717
315 1717 1732
315 1725 795
316 1734 1736
316 1735 796
316 1736 1735
316 1737 1738
316 1738 1734
316 796 1737
317 1739 1722
317 1740 1739
317 797 1735
317 1720 797
317 1722 1720
317 1735 1740
318 1741 1742
318 1742 1737
318 798 1702
318 1702 1704
318 1704 1741
318 1737 798
319 1743 1745
319 1744 799
319 1745 1744
319 1746 1747
319 1747 1743
319 799 1746
320 1748 1709
320 1749 1748
320 800 1744
320 1707 800
320 1709 1707
320 1744 1749
321 1750 1751
321 1751 1746
321 801 1729
321 1729 1731
321 1731 1750
321 1746 801
322 1752 1428
322 1753 802
322 1754 1438
322 802 1754
322 1428 1753
322 1438 1752
323 1755 1170
323 1756 1757
323 1757 1755
323 803 1756
323 1164 803
323 1170 1164
324 1758 1759
324 1759 1756
324 804 1753
324 1429 1758
324 1753 1429
324 1756 804
325 1760 1762
325 1761 805
325 1762 1761
325 805 1166
325 1166 1172
325 1172 1760
326 1763 1439
326 1764 1763
326 806 1761
326 1439 1754
326 1754 806
326 1761 1764
327 1765 1449
327 1766 807
327 1767 1768
327 1768 1765
327 807 1767
327 1449 1766
328 1769 1178
328 1770 1771
328 1771 1769
328 808 1770
328 1169 808
328 1178 1169
329 1772 1773
329 1773 1770
329 809 1766
329 1450 1772
329 1766 1450
329 1770 809
330 1774 1775
330 1775 1767
330 810 1757
330 1757 1759
330 1759 1774
330 1767 810
331 1776 1778
331 1777 811
331 1778 1777
331 1779 1780
331 1780 1776
331 811 1779
332 1781 1764
332 1782 1781
332 812 1777
332 1762 812
332 1764 1762
332 1777 1782
333 1783 1785
333 1784 813
333 1785 1784
333 1786 1783
333 813 1174
333 1174 1786
334 1787 1788
334 1788 1779
334 1789 1787
334 814 1784
334 1779 814
334 1784 1789
335 1790 1792
335 1791 815
335 1792 1791
335 1793 1794
335 1794 1790
335 815 1793
336 1795 1796
336 1796 1177
336 1797 1798
336 1798 1795
336 816 1797
336 1177 816
337 1799 1800
337 1800 1797
337 1801 1799
337 817 1791
337 1791 1801
337 1797 817
338 1802 1803
338 1803 1793
338 818 1771
338 1771 1773
338 1773 1802
338 1793 818
339 1804 1484
339 1805 819
339 1806 1494
339 819 1806
339 1484 1805
339 1494 1804
340 1807 1191
340 1808 1809
340 1809 1807
340 820 1808
340 1181 820
340 1191 1181
341 1810 1811
341 1811 1808
341 821 1805
341 1485 1810
341 1805 1485
341 1808 821
342 1812 1814
342 1813 822
342 1814 1813
342 822 1183
342 1183 1185
342 1185 1812
343 1815 1495
343 1816 1815
343 823 1813
343 1495 1806
343 1806 823
343 1813 1816
344 1817 1819
344 1818 824
344 1819 1818
344 1820 1511
344 824 1820
344 1511 1817
345 1821 1816
345 1822 1821
345 825 1818
345 1814 825
345 1816 1814
345 1818 1822
346 1823 1825
346 1824 826
346 1825 1824
346 826 1187
346 1187 1193
346 1193 1823
347 1826 1512
347 1827 1826
347 827 1824
347 1512 1820
347 1820 827
347 1824 1827
348 1828 1830
348 1829 828
348 1830 1829
348 1831 1832
348 1832 1828
348 828 1831
349 1833 1834
349 1834 1190
349 1835 1836
349 1836 1833
349 829 1835
349 1190 829
350 1837 1838
350 1838 1835
350 1839 1837
350 830 1829
350 1829 1839
350 1835 830
351 1840 1841
351 1841 1831
351 831 1809
351 1809 1811
351 1811 1840
351 1831 831
352 1842 1844
352 1843 832
352 1844 1843
352 1845 1846
352 1846 1842
352 832 1845
353 1847 1827
353 1848 1847
353 833 1843
353 1825 833
353 1827 1825
353 1843 1848
354 1849 1851
354 1850 834
354 1851 1850
354 1852 1849
354 834 1195
354 1195 1852
355 1853 1854
355 1854 1845
355 1855 1853
355 835 1850
355 1845 835
355 1850 1855
356 1856 1858
356 1857 836
356 1858 1857
356 1859 1860
356 1860 1856
356 836 1859
357 1861 1862
357 1862 1198
357 1863 1864
357 1864 1861
357 837 1863
357 1198 837
358 1865 1866
358 1866 1863
358 1867 1865
358 838 1857
358 1857 1867
358 1863 838
359 1868 1870
359 1869 839
359 1870 1869
359 1871 1868
359 839 1200
359 1200 1871
360 1872 1873
360 1873 1859
360 1874 1872
360 840 1869
360 1859 840
360 1869 1874
361 1875 1877
361 1876 841
361 1877 1876
361 1878 1547
361 841 1878
361 1547 1875
362 1879 1880
362 1880 1203
362 1881 1882
362 1882 1879
362 842 1881
362 1203 842
363 1883 1884
363 1884 1881
363 1885 1883
363 843 1876
363 1876 1885
363 1881 843
364 1886 1888
364 1887 844
364 1888 1887
364 844 1205
364 1205 1207
364 1207 1886
365 1889 1548
365 1890 1889
365 845 1887
365 1548 1878
365 1878 845
365 1887 1890
366 1891 1893
366 1892 846
366 1893 1892
366 1894 1895
366 1895 1891
366 846 1894
367 1896 1890
367 1897 1896
367 847 1892
367 1888 847
367 1890 1888
367 1892 1897
368 1898 1900
368 1899 848
368 1900 1899
368 1901 1898
368 848 1209
368 1209 1901
369 1902 1903
369 1903 1894
369 1904 1902
369 849 1899
369 1894 849
369 1899 1904
370 1905 1907
370 1906 850
370 1907 1906
370 1908 1909
370 1909 1905
370 850 1908
371 1910 1911
371 1911 1212
371 1912 1913
371 1913 1910
371 851 1912
371 1212 851
372 1914 1915
372 1915 1912
372 1916 1914
372 852 1906
372 1906 1916
372 1912 852
373 1917 1919
373 1918 853
373 1919 1918
373 1920 1917
373 853 1214
373 1214 1920
374 1921 1922
374 1922 1908
374 1923 1921
374 854 1918
374 1908 854
374 1918 1923
375 1924 1572
375 1925 855
375 1926 1927
375 1927 1924
375 855 1926
375 1572 1925
376 1928 1223
376 1929 1930
376 1930 1928
376 856 1929
376 1217 856
376 1223 1217
377 1931 1932
377 1932 1929
377 857 1925
377 1573 1931
377 1925 1573
377 1929 857
378 1933 1935
378 1934 858
378 1935 1934
378 1936 1933
378 858 1219
378 1219 1936
379 1937 1938
379 1938 1926
379 1939 1937
379 859 1934
379 1926 859
379 1934 1939
380 1940 1942
380 1941 860
380 1942 1941
380 1943 1944
380 1944 1940
380 860 1943
381 1945 1946
381 1946 1222
381 1947 1948
381 1948 1945
381 861 1947
381 1222 861
382 1949 1950
382 1950 1947
382 1951 1949
382 862 1941
382 1941 1951
382 1947 862
383 1952 1953
383 1953 1943
383 863 1930
383 1930 1932
383 1932 1952
383 1943 863
384 1954 1594
384 1955 864
384 1956 1957
384 1957 1954
384 864 1956
384 1594 1955
385 1958 1232
385 1959 1960
385 1960 1958
385 865 1959
385 1226 865
385 1232 1226
386 1961 1962
386 1962 1959
386 866 1955
386 1595 1961
386 1955 1595
386 1959 866
387 1963 1965
387 1964 867
387 1965 1964
387 1966 1963
387 867 1228
387 1228 1966
388 1967 1968
388 1968 1956
388 1969 1967
388 868 1964
388 1956 868
388 1964 1969
389 1970 1972
389 1971 869
389 1972 1971
389 1973 1974
389 1974 1970
389 869 1973
390 1975 1976
390 1976 1231
390 1977 1978
390 1978 1975
390 870 1977
390 1231 870
391 1979 1980
391 1980 1977
391 1981 1979
391 871 1971
391 1971 1981
391 1977 871
392 1982 1983
392 1983 1973
392 872 1960
392 1960 1962
392 1962 1982
392 1973 872
393 1984 1986
393 1985 873
393 1986 1985
393 1987 1618
393 873 1987
393 1618 1984
394 1988 1989
394 1989 1235
394 1990 1991
394 1991 1988
394 874 1990
394 1235 874
395 1992 1993
395 1993 1990
395 1994 1992
395 875 1985
395 1985 1994
395 1990 875
396 1995 1997
396 1996 876
396 1997 1996
396 876 1237
396 1237 1239
396 1239 1995
397 1998 1619
397 1999 1998
397 877 1996
397 1619 1987
397 1987 877
397 1996 1999
398 2000 2002
398 2001 878
398 2002 2001
398 2003 2004
398 2004 2000
398 878 2003
399 2005 1999
399 2006 2005
399 879 2001
399 1997 879
399 1999 1997
399 2001 2006
400 2007 2009
400 2008 880
400 2009 2008
400 2010 2007
400 880 1241
400 1241 2010
401 2011 2012
401 2012 2003
401 2013 2011
401 881 2008
401 2003 881
401 2008 2013
402 2014 2016
402 2015 882
402 2016 2015
402 2017 2018
402 2018 2014
402 882 2017
403 2019 2020
403 2020 1244
403 2021 2022
403 2022 2019
403 883 2021
403 1244 883
404 2023 2024
404 2024 2021
404 2025 2023
404 884 2015
404 2015 2025
404 2021 884
405 2026 2028
405 2027 885
405 2028 2027
405 2029 2026
405 885 1246
405 1246 2029
406 2030 2031
406 2031 2017
406 2032 2030
406 886 2027
406 2017 886
406 2027 2032
407 2033 2035
407 2034 887
407 2035 2034
407 2036 2037
407 2037 2033
407 887 2036
408 2038 2039
408 2039 1249
408 2040 2041
408 2041 2038
408 888 2040
408 1249 888
409 2042 2043
409 2043 2040
409 2044 2042
409 889 2034
409 2034 2044
409 2040 889
410 2045 2047
410 2046 890
410 2047 2046
410 2048 2045
410 890 1251
410 1251 2048
411 2049 2050
411 2050 2036
411 2051 2049
411 891 2046
411 2036 891
411 2046 2051
412 2052 1176
412 892 1786
412 1173 2052
412 1176 1796
412 1786 1173
412 1796 892
413 2053 1264
413 893 1798
413 1254 893
413 1264 1254
413 1798 1800
413 1800 2053
414 2054 1789
414 894 1256
414 1256 1271
414 1271 2054
414 1785 894
414 1789 1785
415 2055 1692
415 2056 1335
415 895 2056
415 1335 2055
415 1692 1696
415 1696 895
416 2057 2059
416 2058 896
416 2059 2058
416 896 1261
416 1261 1263
416 1263 2057
417 2060 1336
417 2061 2060
417 897 2058
417 1336 2056
417 2056 897
417 2058 2061
418 2062 2064
418 2063 898
418 2064 2063
418 898 1801
418 1792 2062
418 1801 1792
419 2065 2061
419 2066 2065
419 899 2063
419 2059 899
419 2061 2059
419 2063 2066
420 2067 1317
420 2068 900
420 900 1685
420 1317 2068
420 1681 2067
420 1685 1681
421 2069 1272
421 2070 2071
421 2071 2069
421 901 2070
421 1267 901
421 1272 1267
422 2072 2073
422 2073 2070
422 902 2068
422 1318 2072
422 2068 1318
422 2070 902
423 2074 1780
423 2075 2076
423 2076 2074
423 903 2075
423 1780 1788
423 1788 903
424 2077 2078
424 2078 2075
424 904 2071
424 2071 2073
424 2073 2077
424 2075 904
425 2079 1202
425 905 1871
425 1199 2079
425 1202 1880
425 1871 1199
425 1880 905
426 2080 1285
426 906 1882
426 1275 906
426 1285 1275
426 1882 1884
426 1884 2080
427 2081 1874
427 907 1277
427 1277 1292
427 1292 2081
427 1870 907
427 1874 1870
428 2082 1683
428 2083 1322
428 908 2083
428 1322 2082
428 1683 1687
428 1687 908
429 2084 2086
429 2085 909
429 2086 2085
429 909 1282
429 1282 1284
429 1284 2084
430 2087 1323
430 2088 2087
430 910 2085
430 1323 2083
430 2083 910
430 2085 2088
431 2089 2091
431 2090 911
431 2091 2090
431 911 1885
431 1877 2089
431 1885 1877
432 2092 2088
432 2093 2092
432 912 2090
432 2086 912
432 2088 2086
432 2090 2093
433 2094 1300
433 2095 913
433 913 1673
433 1300 2095
433 1670 2094
433 1673 1670
434 2096 1293
434 2097 2098
434 2098 2096
434 914 2097
434 1288 914
434 1293 1288
435 2099 2100
435 2100 2097
435 915 2095
435 1301 2099
435 2095 1301
435 2097 915
436 2101 1860
436 2102 2103
436 2103 2101
436 916 2102
436 1860 1873
436 1873 916
437 2104 2105
437 2105 2102
437 917 2098
437 2098 2100
437 2100 2104
437 2102 917
438 2106 2108
438 2107 918
438 2108 2107
438 918 1966
438 1227 2106
438 1966 1227
439 2109 1302
439 2110 2111
439 2111 2109
439 919 2110
439 1296 919
439 1302 1296
440 2112 2113
440 2113 2110
440 2114 2112
440 920 2107
440 2107 2114
440 2110 920
441 2115 1969
441 921 1298
441 1298 1309
441 1309 2115
441 1965 921
441 1969 1965
442 2116 2103
442 2117 1537
442 922 2117
442 1537 2116
442 2103 2105
442 2105 922
443 2118 1538
443 923 2111
443 1538 2117
443 2111 2113
443 2113 2118
443 2117 923
444 2119 1330
444 2120 924
444 924 1694
444 1330 2120
444 1690 2119
444 1694 1690
445 2121 1310
445 2122 2123
445 2123 2121
445 925 2122
445 1305 925
445 1310 1305
446 2124 2125
446 2125 2122
446 926 2120
446 1331 2124
446 2120 1331
446 2122 926
447 2126 1957
447 2127 2128
447 2128 2126
447 927 2127
447 1957 1968
447 1968 927
448 2129 2130
448 2130 2127
448 928 2123
448 2123 2125
448 2125 2129
448 2127 928
449 2131 2133
449 2132 929
449 2133 2132
449 2134 2135
449 2135 2131
449 929 2134
450 2136 1319
450 2137 2138
450 2138 2136
450 930 2137
450 1313 930
450 1319 1313
451 2139 2140
451 2140 2137
451 2141 2139
451 931 2132
451 2132 2141
451 2137 931
452 2142 2144
452 2143 932
452 2144 2143
452 932 1315
452 1315 1321
452 1321 2142
453 2145 2146
453 2146 2134
453 2147 2145
453 933 2143
453 2134 933
453 2143 2147
454 2148 2076
454 2149 1463
454 934 2149
454 1463 2148
454 2076 2078
454 2078 934
455 2150 1464
455 935 2138
455 1464 2149
455 2138 2140
455 2140 2150
455 2149 935
456 2151 1540
456 2152 936
456 936 2093
456 1540 2152
456 2091 2151
456 2093 2091
457 2153 2147
457 937 2152
457 1541 2153
457 2144 937
457 2147 2144
457 2152 1541
458 2154 2156
458 2155 938
458 2156 2155
458 2157 2158
458 2158 2154
458 938 2157
459 2159 1332
459 2160 2161
459 2161 2159
459 939 2160
459 1326 939
459 1332 1326
460 2162 2163
460 2163 2160
460 2164 2162
460 940 2155
460 2155 2164
460 2160 940
461 2165 2167
461 2166 941
461 2167 2166
461 941 1328
461 1328 1334
461 1334 2165
462 2168 2169
462 2169 2157
462 2170 2168
462 942 2166
462 2157 942
462 2166 2170
463 2171 2128
463 2172 1591
463 943 2172
463 1591 2171
463 2128 2130
463 2130 943
464 2173 1592
464 944 2161
464 1592 2172
464 2161 2163
464 2163 2173
464 2172 944
465 2174 1470
465 2175 945
465 945 2066
465 1470 2175
465 2064 2174
465 2066 2064
466 2176 2170
466 946 2175
466 1471 2176
466 2167 946
466 2170 2167
466 2175 1471
467 2177 1189
467 947 1852
467 1189 1834
467 1194 2177
467 1834 947
467 1852 1194
468 2178 1349
468 948 1836
468 1339 948
468 1349 1339
468 1836 1838
468 1838 2178
469 2179 1855
469 949 1341
469 1341 1356
469 1356 2179
469 1851 949
469 1855 1851
470 2180 1738
470 2181 1407
470 950 2181
470 1407 2180
470 1738 1742
470 1742 950
471 2182 2184
471 2183 951
471 2184 2183
471 951 1346
471 1346 1348
471 1348 2182
472 2185 1408
472 2186 2185
472 952 2183
472 1408 2181
472 2181 952
472 2183 2186
473 2187 2189
473 2188 953
473 2189 2188
473 953 1839
473 1830 2187
473 1839 1830
474 2190 2186
474 2191 2190
474 954 2188
474 2184 954
474 2186 2184
474 2188 2191
475 2192 1415
475 2193 955
475 955 1749
475 1415 2193
475 1745 2192
475 1749 1745
476 2194 1357
476 2195 2196
476 2196 2194
476 956 2195
476 1352 956
476 1357 1352
477 2197 2198
477 2198 2195
477 957 2193
477 1416 2197
477 2193 1416
477 2195 957
478 2199 1846
478 2200 2201
478 2201 2199
478 958 2200
478 1846 1854
478 1854 958
479 2202 2203
479 2203 2200
479 959 2196
479 2196 2198
479 2198 2202
479 2200 959
480 2204 1197
480 960 1901
480 1197 1862
480 1208 2204
480 1862 960
480 1901 1208
481 2205 1370
481 961 1864
481 1360 961
481 1370 1360
481 1864 1866
481 1866 2205
482 2206 1904
482 962 1362
482 1362 1377
482 1377 2206
482 1900 962
482 1904 1900
483 2207 1726
483 2208 1394
483 963 2208
483 1394 2207
483 1726 1733
483 1733 963
484 2209 2211
484 2210 964
484 2211 2210
484 964 1367
484 1367 1369
484 1369 2209
485 2212 1395
485 2213 2212
485 965 2210
485 1395 2208
485 2208 965
485 2210 2213
486 2214 2216
486 2215 966
486 2216 2215
486 966 1867
486 1858 2214
486 1867 1858
487 2217 2213
487 2218 2217
487 967 2215
487 2211 967
487 2213 2211
487 2215 2218
488 2219 1402
488 2220 968
488 968 1740
488 1402 2220
488 1736 2219
488 1740 1736
489 2221 1378
489 2222 2223
489 2223 2221
489 969 2222
489 1373 969
489 1378 1373
490 2224 2225
490 2225 2222
490 970 2220
490 1403 2224
490 2220 1403
490 2222 970
491 2226 1895
491 2227 2228
491 2228 2226
491 971 2227
491 1895 1903
491 1903 971
492 2229 2230
492 2230 2227
492 972 2223
492 2223 2225
492 2225 2229
492 2227 972
493 2231 1230
493 2232 2233
493 2233 2231
493 973 2232
493 1230 1976
493 1976 973
494 2234 1391
494 974 1978
494 1381 974
494 1391 1381
494 1978 1980
494 1980 2234
495 2235 2237
495 2236 975
495 2237 2236
495 975 1383
495 1383 1393
495 1393 2235
496 2238 2239
496 2239 2232
496 2240 2238
496 976 2236
496 2232 976
496 2236 2240
497 2241 1747
497 2242 1420
497 977 2242
497 1420 2241
497 1747 1751
497 1751 977
498 2243 2245
498 2244 978
498 2245 2244
498 978 1388
498 1388 1390
498 1390 2243
499 2246 1421
499 2247 2246
499 979 2244
499 1421 2242
499 2242 979
499 2244 2247
500 2248 2250
500 2249 980
500 2250 2249
500 980 1981
500 1972 2248
500 1981 1972
501 2251 2247
501 2252 2251
501 981 2249
501 2245 981
501 2247 2245
501 2249 2252
502 2253 1535
502 2254 982
502 982 2218
502 1535 2254
502 2216 2253
502 2218 2216
503 2255 2240
503 983 2254
503 1536 2255
503 2237 983
503 2240 2237
503 2254 1536
504 2256 2258
504 2257 984
504 2258 2257
504 2259 2260
504 2260 2256
504 984 2259
505 2261 1404
505 2262 2263
505 2263 2261
505 985 2262
505 1398 985
505 1404 1398
506 2264 2265
506 2265 2262
506 2266 2264
506 986 2257
506 2257 2266
506 2262 986
507 2267 2269
507 2268 987
507 2269 2268
507 987 1400
507 1400 1406
507 1406 2267
508 2270 2271
508 2271 2259
508 2272 2270
508 988 2268
508 2259 988
508 2268 2272
509 2273 2228
509 2274 1555
509 989 2274
509 1555 2273
509 2228 2230
509 2230 989
510 2275 1556
510 990 2263
510 1556 2274
510 2263 2265
510 2265 2275
510 2274 990
511 2276 1517
511 2277 991
511 991 2191
511 1517 2277
511 2189 2276
511 2191 2189
512 2278 2272
512 992 2277
512 1518 2278
512 2269 992
512 2272 2269
512 2277 1518
513 2279 2281
513 2280 993
513 2281 2280
513 2282 2283
513 2283 2279
513 993 2282
514 2284 1417
514 2285 2286
514 2286 2284
514 994 2285
514 1411 994
514 1417 1411
515 2287 2288
515 2288 2285
515 2289 2287
515 995 2280
515 2280 2289
515 2285 995
516 2290 2292
516 2291 996
516 2292 2291
516 996 1413
516 1413 1419
516 1419 2290
517 2293 2294
517 2294 2282
517 2295 2293
517 997 2291
517 2282 997
517 2291 2295
518 2296 2201
518 2297 1528
518 998 2297
518 1528 2296
518 2201 2203
518 2203 998
519 2298 1529
519 999 2286
519 1529 2297
519 2286 2288
519 2288 2298
519 2297 999
520 2299 1602
520 2300 1000
520 1000 2252
520 1602 2300
520 2250 2299
520 2252 2250
521 2301 2295
521 1001 2300
521 1603 2301
521 2292 1001
521 2295 2292
521 2300 1603
522 2302 1211
522 1002 1936
522 1211 1911
522 1218 2302
522 1911 1002
522 1936 1218
523 2303 1434
523 1003 1913
523 1424 1003
523 1434 1424
523 1913 1915
523 1915 2303
524 2304 1939
524 1004 1426
524 1426 1441
524 1441 2304
524 1935 1004
524 1939 1935
525 2305 1768
525 2306 1458
525 1005 2306
525 1458 2305
525 1768 1775
525 1775 1005
526 2307 2309
526 2308 1006
526 2309 2308
526 1006 1431
526 1431 1433
526 1433 2307
527 2310 1459
527 2311 2310
527 1007 2308
527 1459 2306
527 2306 1007
527 2308 2311
528 2312 2314
528 2313 1008
528 2314 2313
528 1008 1916
528 1907 2312
528 1916 1907
529 2315 2311
529 2316 2315
529 1009 2313
529 2309 1009
529 2311 2309
529 2313 2316
530 2317 1466
530 2318 1010
530 1010 1782
530 1466 2318
530 1778 2317
530 1782 1778
531 2319 1442
531 2320 2321
531 2321 2319
531 1011 2320
531 1437 1011
531 1442 1437
532 2322 2323
532 2323 2320
532 1012 2318
532 1467 2322
532 2318 1467
532 2320 1012
533 2324 1927
533 2325 2326
533 2326 2324
533 1013 2325
533 1927 1938
533 1938 1013
534 2327 2328
534 2328 2325
534 1014 2321
534 2321 2323
534 2323 2327
534 2325 1014
535 2329 1234
535 2330 2331
535 2331 2329
535 1015 2330
535 1234 1989
535 1989 1015
536 2332 1455
536 1016 1991
536 1445 1016
536 1455 1445
536 1991 1993
536 1993 2332
537 2333 2335
537 2334 1017
537 2335 2334
537 1017 1447
537 1447 1457
537 1457 2333
538 2336 2337
538 2337 2330
538 2338 2336
538 1018 2334
538 2330 1018
538 2334 2338
539 2339 1794
539 2340 1476
539 1019 2340
539 1476 2339
539 1794 1803
539 1803 1019
540 2341 2343
540 2342 1020
540 2343 2342
540 1020 1452
540 1452 1454
540 1454 2341
541 2344 1477
541 2345 2344
541 1021 2342
541 1477 2340
541 2340 1021
541 2342 2345
542 2346 2348
542 2347 1022
542 2348 2347
542 1022 1994
542 1986 2346
542 1994 1986
543 2349 2345
543 2350 2349
543 1023 2347
543 2343 1023
543 2345 2343
543 2347 2350
544 2351 1562
544 2352 1024
544 1024 2316
544 1562 2352
544 2314 2351
544 2316 2314
545 2353 2338
545 1025 2352
545 1563 2353
545 2335 1025
545 2338 2335
545 2352 1563
546 2354 2356
546 2355 1026
546 2356 2355
546 1026 2141
546 2133 2354
546 2141 2133
547 2357 1468
547 2358 2359
547 2359 2357
547 1027 2358
547 1462 1027
547 1468 1462
548 2360 2361
548 2361 2358
548 2362 2360
548 1028 2355
548 2355 2362
548 2358 1028
549 2363 2326
549 2364 1569
549 1029 2364
549 1569 2363
549 2326 2328
549 2328 1029
550 2365 1570
550 1030 2359
550 1570 2364
550 2359 2361
550 2361 2365
550 2364 1030
551 2366 2158
551 2367 2368
551 2368 2366
551 1031 2367
551 2158 2169
551 2169 1031
552 2369 2371
552 2370 1032
552 2371 2370
552 1032 1473
552 1473 1475
552 1475 2369
553 2372 2373
553 2373 2367
553 2374 2372
553 1033 2370
553 2367 1033
553 2370 2374
554 2375 1611
554 2376 1034
554 1034 2350
554 1611 2376
554 2348 2375
554 2350 2348
555 2377 2374
555 1035 2376
555 1612 2377
555 2371 1035
555 2374 2371
555 2376 1612
556 2378 1221
556 1036 1920
556 1213 2378
556 1221 1946
556 1920 1213
556 1946 1036
557 2379 1490
557 1037 1948
557 1480 1037
557 1490 1480
557 1948 1950
557 1950 2379
558 2380 1923
558 1038 1482
558 1482 1497
558 1497 2380
558 1919 1038
558 1923 1919
559 2381 1832
559 2382 1523
559 1039 2382
559 1523 2381
559 1832 1841
559 1841 1039
560 2383 2385
560 2384 1040
560 2385 2384
560 1040 1487
560 1487 1489
560 1489 2383
561 2386 1524
561 2387 2386
561 1041 2384
561 1524 2382
561 2382 1041
561 2384 2387
562 2388 2390
562 2389 1042
562 2390 2389
562 1042 1951
562 1942 2388
562 1951 1942
563 2391 2387
563 2392 2391
563 1043 2389
563 2385 1043
563 2387 2385
563 2389 2392
564 2393 1505
564 2394 1044
564 1044 1822
564 1505 2394
564 1819 2393
564 1822 1819
565 2395 1498
565 2396 2397
565 2397 2395
565 1045 2396
565 1493 1045
565 1498 1493
566 2398 2399
566 2399 2396
566 1046 2394
566 1506 2398
566 2394 1506
566 2396 1046
567 2400 1909
567 2401 2402
567 2402 2400
567 1047 2401
567 1909 1922
567 1922 1047
568 2403 2404
568 2404 2401
568 1048 2397
568 2397 2399
568 2399 2403
568 2401 1048
569 2405 2407
569 2406 1049
569 2407 2406
569 1049 2010
569 1240 2405
569 2010 1240
570 2408 1507
570 2409 2410
570 2410 2408
570 1050 2409
570 1501 1050
570 1507 1501
571 2411 2412
571 2412 2409
571 2413 2411
571 1051 2406
571 2406 2413
571 2409 1051
572 2414 2013
572 1052 1503
572 1503 1514
572 1514 2414
572 2009 1052
572 2013 2009
573 2415 2402
573 2416 1564
573 1053 2416
573 1564 2415
573 2402 2404
573 2404 1053
574 2417 1565
574 1054 2410
574 1565 2416
574 2410 2412
574 2412 2417
574 2416 1054
575 2418 1531
575 2419 1055
575 1055 1848
575 1531 2419
575 1844 2418
575 1848 1844
576 2420 1515
576 2421 2422
576 2422 2420
576 1056 2421
576 1510 1056
576 1515 1510
577 2423 2424
577 2424 2421
577 1057 2419
577 1532 2423
577 2419 1532
577 2421 1057
578 2425 2004
578 2426 2427
578 2427 2425
578 1058 2426
578 2004 2012
578 2012 1058
579 2428 2429
579 2429 2426
579 1059 2422
579 2422 2424
579 2424 2428
579 2426 1059
580 2430 2260
580 2431 2432
580 2432 2430
580 1060 2431
580 2260 2271
580 2271 1060
581 2433 2435
581 2434 1061
581 2435 2434
581 1061 1520
581 1520 1522
581 1522 2433
582 2436 2437
582 2437 2431
582 2438 2436
582 1062 2434
582 2431 1062
582 2434 2438
583 2439 1580
583 2440 1063
583 1063 2392
583 1580 2440
583 2390 2439
583 2392 2390
584 2441 2438
584 1064 2440
584 1581 2441
584 2435 1064
584 2438 2435
584 2440 1581
585 2442 2444
585 2443 1065
585 2444 2443
585 1065 2289
585 2281 2442
585 2289 2281
586 2445 1533
586 2446 2447
586 2447 2445
586 1066 2446
586 1527 1066
586 1533 1527
587 2448 2449
587 2449 2446
587 2450 2448
587 1067 2443
587 2443 2450
587 2446 1067
588 2451 2427
588 2452 1626
588 1068 2452
588 1626 2451
588 2427 2429
588 2429 1068
589 2453 1627
589 1069 2447
589 1627 2452
589 2447 2449
589 2449 2453
589 2452 1069
590 2454 2233
590 1070 2114
590 2108 2454
590 2114 2108
590 2233 2239
590 2239 1070
591 2455 2135
591 1071 2029
591 1245 2455
591 2029 1245
591 2135 2146
591 2146 1071
592 2456 2032
592 1072 1543
592 1543 1550
592 1550 2456
592 2028 1072
592 2032 2028
593 2457 1558
593 2458 1073
593 1073 1897
593 1558 2458
593 1893 2457
593 1897 1893
594 2459 1551
594 2460 2461
594 2461 2459
594 1074 2460
594 1546 1074
594 1551 1546
595 2462 2463
595 2463 2460
595 1075 2458
595 1559 2462
595 2458 1559
595 2460 1075
596 2464 2018
596 2465 2466
596 2466 2464
596 1076 2465
596 2018 2031
596 2031 1076
597 2467 2468
597 2468 2465
597 1077 2461
597 2461 2463
597 2463 2467
597 2465 1077
598 2469 2471
598 2470 1078
598 2471 2470
598 1078 2266
598 2258 2469
598 2266 2258
599 2472 1560
599 2473 2474
599 2474 2472
599 1079 2473
599 1554 1079
599 1560 1554
600 2475 2476
600 2476 2473
600 2477 2475
600 1080 2470
600 2470 2477
600 2473 1080
601 2478 2466
601 2479 1635
601 1081 2479
601 1635 2478
601 2466 2468
601 2468 1081
602 2480 1636
602 1082 2474
602 1636 2479
602 2474 2476
602 2476 2480
602 2479 1082
603 2481 2331
603 1083 2413
603 2331 2337
603 2337 1083
603 2407 2481
603 2413 2407
604 2482 1243
604 1084 2362
604 1243 2020
604 2020 1084
604 2356 2482
604 2362 2356
605 2483 1578
605 1085 2022
605 1568 1085
605 1578 1568
605 2022 2024
605 2024 2483
606 2484 1944
606 2485 1586
606 1086 2485
606 1586 2484
606 1944 1953
606 1953 1086
607 2486 2488
607 2487 1087
607 2488 2487
607 1087 1575
607 1575 1577
607 1577 2486
608 2489 1587
608 2490 2489
608 1088 2487
608 1587 2485
608 2485 1088
608 2487 2490
609 2491 2493
609 2492 1089
609 2493 2492
609 1089 2025
609 2016 2491
609 2025 2016
610 2494 2490
610 2495 2494
610 1090 2492
610 2488 1090
610 2490 2488
610 2492 2495
611 2496 2432
611 2497 2498
611 2498 2496
611 1091 2497
611 2432 2437
611 2437 1091
612 2499 2501
612 2500 1092
612 2501 2500
612 1092 1583
612 1583 1585
612 1585 2499
613 2502 2503
613 2503 2497
613 2504 2502
613 1093 2500
613 2497 1093
613 2500 2504
614 2505 1633
614 2506 1094
614 1094 2495
614 1633 2506
614 2493 2505
614 2495 2493
615 2507 2504
615 1095 2506
615 1634 2507
615 2501 1095
615 2504 2501
615 2506 1634
616 2508 1248
616 1096 2164
616 1248 2039
616 2039 1096
616 2156 2508
616 2164 2156
617 2509 1600
617 1097 2041
617 1590 1097
617 1600 1590
617 2041 2043
617 2043 2509
618 2510 1974
618 2511 1608
618 1098 2511
618 1608 2510
618 1974 1983
618 1983 1098
619 2512 2514
619 2513 1099
619 2514 2513
619 1099 1597
619 1597 1599
619 1599 2512
620 2515 1609
620 2516 2515
620 1100 2513
620 1609 2511
620 2511 1100
620 2513 2516
621 2517 2519
621 2518 1101
621 2519 2518
621 1101 2044
621 2035 2517
621 2044 2035
622 2520 2516
622 2521 2520
622 1102 2518
622 2514 1102
622 2516 2514
622 2518 2521
623 2522 2283
623 2523 2524
623 2524 2522
623 1103 2523
623 2283 2294
623 2294 1103
624 2525 2527
624 2526 1104
624 2527 2526
624 1104 1605
624 1605 1607
624 1607 2525
625 2528 2529
625 2529 2523
625 2530 2528
625 1105 2526
625 2523 1105
625 2526 2530
626 2531 1638
626 2532 1106
626 1106 2521
626 1638 2532
626 2519 2531
626 2521 2519
627 2533 2530
627 1107 2532
627 1639 2533
627 2527 1107
627 2530 2527
627 2532 1639
628 2534 2368
628 1108 2048
628 1250 2534
628 2048 1250
628 2368 2373
628 2373 1108
629 2535 2051
629 1109 1614
629 1614 1621
629 1621 2535
629 2047 1109
629 2051 2047
630 2536 1629
630 2537 1110
630 1110 2006
630 1629 2537
630 2002 2536
630 2006 2002
631 2538 1622
631 2539 2540
631 2540 2538
631 1111 2539
631 1617 1111
631 1622 1617
632 2541 2542
632 2542 2539
632 1112 2537
632 1630 2541
632 2537 1630
632 2539 1112
633 2543 2037
633 2544 2545
633 2545 2543
633 1113 2544
633 2037 2050
633 2050 1113
634 2546 2547
634 2547 2544
634 1114 2540
634 2540 2542
634 2542 2546
634 2544 1114
635 2548 2550
635 2549 1115
635 2550 2549
635 1115 2450
635 2444 2548
635 2450 2444
636 2551 1631
636 2552 2553
636 2553 2551
636 1116 2552
636 1625 1116
636 1631 1625
637 2554 2555
637 2555 2552
637 2556 2554
637 1117 2549
637 2549 2556
637 2552 1117
638 2557 2545
638 2558 1640
638 1118 2558
638 1640 2557
638 2545 2547
638 2547 1118
639 2559 1641
639 1119 2553
639 1641 2558
639 2553 2555
639 2555 2559
639 2558 1119
640 2560 2498
640 1120 2477
640 2471 2560
640 2477 2471
640 2498 2503
640 2503 1120
641 2561 2524
641 1121 2556
641 2524 2529
641 2529 1121
641 2550 2561
641 2556 2550
642 1123 646
642 645 1125
643 1128 645
643 644 1130
644 646 1134
647 1143 650
647 651 1145
648 1148 649
648 650 1150
649 1153 651
652 1163 653
652 654 1165
653 1168 655
654 2052 1173
655 1176 2052
656 1180 658
656 657 1182
657 659 1186
658 1189 2177
659 2177 1194
660 1197 2204
660 2079 1199
661 1202 2079
661 662 1204
662 2204 1208
663 1211 2302
663 2378 1213
664 1216 665
664 2302 1218
665 1221 2378
666 1225 667
666 2106 1227
667 1230 2231
668 1234 2329
668 669 1236
669 2405 1240
670 1243 2482
670 2455 1245
671 1248 2508
671 2534 1250
672 1253 674
672 676 1255
673 1258 1642
673 674 1260
675 1266 676
675 1642 1268
677 1274 679
677 681 1276
678 1279 1655
678 679 1281
680 1287 681
680 1655 1289
682 1295 683
682 685 1297
683 1300 2094
684 1304 685
684 1668 1306
686 1312 687
686 688 1314
687 1317 2067
688 2082 1322
689 1325 690
689 691 1327
690 1330 2119
691 2055 1335
692 1338 694
692 696 1340
693 1343 1697
693 694 1345
695 1351 696
695 1697 1353
697 1359 699
697 701 1361
698 1364 1710
698 699 1366
700 1372 701
700 1710 1374
702 1380 704
702 705 1382
703 1385 1723
703 704 1387
705 2207 1394
706 1397 707
706 708 1399
707 1402 2219
708 2180 1407
709 1410 710
709 711 1412
710 1415 2192
711 2241 1420
712 1423 714
712 716 1425
713 1428 1752
713 714 1430
715 1436 716
715 1752 1438
717 1444 719
717 720 1446
718 1449 1765
718 719 1451
720 2305 1458
721 1461 722
721 2148 1463
722 1466 2317
723 1470 2174
723 724 1472
724 2339 1476
725 1479 727
725 729 1481
726 1484 1804
726 727 1486
728 1492 729
728 1804 1494
730 1500 731
730 733 1502
731 1505 2393
732 1509 733
732 1817 1511
734 1517 2276
734 735 1519
735 2381 1523
736 1526 737
736 2296 1528
737 1531 2418
738 1535 2253
738 2116 1537
739 1540 2151
739 741 1542
740 1545 741
740 1875 1547
742 1553 743
742 2273 1555
743 1558 2457
744 1562 2351
744 2415 1564
745 1567 747
745 2363 1569
746 1572 1924
746 747 1574
748 1580 2439
748 749 1582
749 2484 1586
750 1589 752
750 2171 1591
751 1594 1954
751 752 1596
753 1602 2299
753 754 1604
754 2510 1608
755 1611 2375
755 757 1613
756 1616 757
756 1984 1618
758 1624 759
758 2451 1626
759 1629 2536
760 1633 2505
760 2478 1635
761 1638 2531
761 2557 1640
762 1643 764
762 766 1644
763 1124 1122
763 764 1646
765 1651 766
765 1122 1126
767 1656 769
767 771 1657
768 1129 1127
768 769 1659
770 1664 771
770 1127 1131
772 1669 773
772 775 1671
773 1665 1663
774 1675 775
774 1132 1135
776 1680 777
776 778 1682
777 1652 1650
778 1658 1660
779 1689 780
779 781 1691
780 1676 1674
781 1645 1647
782 1698 784
782 786 1699
783 1144 1142
783 784 1701
785 1706 786
785 1142 1146
787 1711 789
787 791 1712
788 1149 1147
788 789 1714
790 1719 791
790 1147 1151
792 1724 794
792 795 1725
793 1154 1152
793 794 1728
795 1713 1715
796 1735 797
796 798 1737
797 1720 1718
798 1700 1702
799 1744 800
799 801 1746
800 1707 1705
801 1727 1729
802 1753 804
802 806 1754
803 1164 1162
803 804 1756
805 1761 806
805 1162 1166
807 1766 809
807 810 1767
808 1169 1167
808 809 1770
810 1755 1757
811 1777 812
811 814 1779
812 1762 1760
813 1784 814
813 1171 1174
815 1791 817
815 818 1793
816 1177 1175
816 817 1797
818 1769 1771
819 1805 821
819 823 1806
820 1181 1179
820 821 1808
822 1813 823
822 1179 1183
824 1818 825
824 827 1820
825 1814 1812
826 1824 827
826 1184 1187
828 1829 830
828 831 1831
829 1190 1188
829 830 1835
831 1807 1809
832 1843 833
832 835 1845
833 1825 1823
834 1850 835
834 1192 1195
836 1857 838
836 840 1859
837 1198 1196
837 838 1863
839 1869 840
839 1196 1200
841 1876 843
841 845 1878
842 1203 1201
842 843 1881
844 1887 845
844 1201 1205
846 1892 847
846 849 1894
847 1888 1886
848 1899 849
848 1206 1209
850 1906 852
850 854 1908
851 1212 1210
851 852 1912
853 1918 854
853 1210 1214
855 1925 857
855 859 1926
856 1217 1215
856 857 1929
858 1934 859
858 1215 1219
860 1941 862
860 863 1943
861 1222 1220
861 862 1947
863 1928 1930
864 1955 866
864 868 1956
865 1226 1224
865 866 1959
867 1964 868
867 1224 1228
869 1971 871
869 872 1973
870 1231 1229
870 871 1977
872 1958 1960
873 1985 875
873 877 1987
874 1235 1233
874 875 1990
876 1996 877
876 1233 1237
878 2001 879
878 881 2003
879 1997 1995
880 2008 881
880 1238 1241
882 2015 884
882 886 2017
883 1244 1242
883 884 2021
885 2027 886
885 1242 1246
887 2034 889
887 891 2036
888 1249 1247
888 889 2040
890 2046 891
890 1247 1251
892 1796 1795
892 1783 1786
893 1254 1252
893 1795 1798
894 1785 1783
894 1252 1256
895 1696 1695
895 897 2056
896 2058 897
896 1257 1261
898 2063 899
898 1799 1801
899 2059 2057
900 2068 902
900 1684 1685
901 1267 1265
901 902 2070
903 1788 1787
903 904 2075
904 2069 2071
905 1880 1879
905 1868 1871
906 1275 1273
906 1879 1882
907 1870 1868
907 1273 1277
908 1687 1686
908 910 2083
909 2085 910
909 1278 1282
911 2090 912
911 1883 1885
912 2086 2084
913 2095 915
913 1672 1673
914 1288 1286
914 915 2097
916 1873 1872
916 917 2102
917 2096 2098
918 2107 920
918 1963 1966
919 1296 1294
919 920 2110
921 1965 1963
921 1294 1298
922 2105 2104
922 923 2117
923 2109 2111
924 2120 926
924 1693 1694
925 1305 1303
925 926 2122
927 1968 1967
927 928 2127
928 2121 2123
929 2132 931
929 933 2134
930 1313 1311
930 931 2137
932 2143 933
932 1311 1315
934 2078 2077
934 935 2149
935 2136 2138
936 2152 937
936 2092 2093
937 2144 2142
938 2155 940
938 942 2157
939 1326 1324
939 940 2160
941 2166 942
941 1324 1328
943 2130 2129
943 944 2172
944 2159 2161
945 2175 946
945 2065 2066
946 2167 2165
947 1834 1833
947 1849 1852
948 1339 1337
948 1833 1836
949 1851 1849
949 1337 1341
950 1742 1741
950 952 2181
951 2183 952
951 1342 1346
953 2188 954
953 1837 1839
954 2184 2182
955 2193 957
955 1748 1749
956 1352 1350
956 957 2195
958 1854 1853
958 959 2200
959 2194 2196
960 1862 1861
960 1898 1901
961 1360 1358
961 1861 1864
962 1900 1898
962 1358 1362
963 1733 1732
963 965 2208
964 2210 965
964 1363 1367
966 2215 967
966 1865 1867
967 2211 2209
968 2220 970
968 1739 1740
969 1373 1371
969 970 2222
971 1903 1902
971 972 2227
972 2221 2223
973 1976 1975
973 976 2232
974 1381 1379
974 1975 1978
975 2236 976
975 1379 1383
977 1751 1750
977 979 2242
978 2244 979
978 1384 1388
980 2249 981
980 1979 1981
981 2245 2243
982 2254 983
982 2217 2218
983 2237 2235
984 2257 986
984 988 2259
985 1398 1396
985 986 2262
987 2268 988
987 1396 1400
989 2230 2229
989 990 2274
990 2261 2263
991 2277 992
991 2190 2191
992 2269 2267
993 2280 995
993 997 2282
994 1411 1409
994 995 2285
996 2291 997
996 1409 1413
998 2203 2202
998 999 2297
999 2284 2286
1000 2300 1001
1000 2251 2252
1001 2292 2290
1002 1911 1910
1002 1933 1936
1003 1424 1422
1003 1910 1913
1004 1935 1933
1004 1422 1426
1005 1775 1774
1005 1007 2306
1006 2308 1007
1006 1427 1431
1008 2313 1009
1008 1914 1916
1009 2309 2307
1010 2318 1012
1010 1781 1782
1011 1437 1435
1011 1012 2320
1013 1938 1937
1013 1014 2325
1014 2319 2321
1015 1989 1988
1015 1018 2330
1016 1445 1443
1016 1988 1991
1017 2334 1018
1017 1443 1447
1019 1803 1802
1019 1021 2340
1020 2342 1021
1020 1448 1452
1022 2347 1023
1022 1992 1994
1023 2343 2341
1024 2352 1025
1024 2315 2316
1025 2335 2333
1026 2355 1028
1026 2139 2141
1027 1462 1460
1027 1028 2358
1029 2328 2327
1029 1030 2364
1030 2357 2359
1031 2169 2168
1031 1033 2367
1032 2370 1033
1032 1469 1473
1034 2376 1035
1034 2349 2350
1035 2371 2369
1036 1946 1945
1036 1917 1920
1037 1480 1478
1037 1945 1948
1038 1919 1917
1038 1478 1482
1039 1841 1840
1039 1041 2382
1040 2384 1041
1040 1483 1487
1042 2389 1043
1042 1949 1951
1043 2385 2383
1044 2394 1046
1044 1821 1822
1045 1493 1491
1045 1046 2396
1047 1922 1921
1047 1048 2401
1048 2395 2397
1049 2406 1051
1049 2007 2010
1050 1501 1499
1050 1051 2409
1052 2009 2007
1052 1499 1503
1053 2404 2403
1053 1054 2416
1054 2408 2410
1055 2419 1057
1055 1847 1848
1056 1510 1508
1056 1057 2421
1058 2012 2011
1058 1059 2426
1059 2420 2422
1060 2271 2270
1060 1062 2431
1061 2434 1062
1061 1516 1520
1063 2440 1064
1063 2391 2392
1064 2435 2433
1065 2443 1067
1065 2287 2289
1066 1527 1525
1066 1067 2446
1068 2429 2428
1068 1069 2452
1069 2445 2447
1070 2239 2238
1070 2112 2114
1071 2146 2145
1071 2026 2029
1072 2028 2026
1072 1539 1543
1073 2458 1075
1073 1896 1897
1074 1546 1544
1074 1075 2460
1076 2031 2030
1076 1077 2465
1077 2459 2461
1078 2470 1080
1078 2264 2266
1079 1554 1552
1079 1080 2473
1081 2468 2467
1081 1082 2479
1082 2472 2474
1083 2337 2336
1083 2411 2413
1084 2020 2019
1084 2360 2362
1085 1568 1566
1085 2019 2022
1086 1953 1952
1086 1088 2485
1087 2487 1088
1087 1571 1575
1089 2492 1090
1089 2023 2025
1090 2488 2486
1091 2437 2436
1091 1093 2497
1092 2500 1093
1092 1579 1583
1094 2506 1095
1094 2494 2495
1095 2501 2499
1096 2039 2038
1096 2162 2164
1097 1590 1588
1097 2038 2041
1098 1983 1982
1098 1100 2511
1099 2513 1100
1099 1593 1597
1101 2518 1102
1101 2042 2044
1102 2514 2512
1103 2294 2293
1103 1105 2523
1104 2526 1105
1104 1601 1605
1106 2532 1107
1106 2520 2521
1107 2527 2525
1108 2373 2372
1108 2045 2048
1109 2047 2045
1109 1610 1614
1110 2537 1112
1110 2005 2006
1111 1617 1615
1111 1112 2539
1113 2050 2049
1113 1114 2544
1114 2538 2540
1115 2549 1117
1115 2448 2450
1116 1625 1623
1116 1117 2552
1118 2547 2546
1118 1119 2558
1119 2551 2553
1120 2503 2502
1120 2475 2477
1121 2529 2528
1121 2554 2556
1123 1124 1141
1125 1137 1126
1128 1129 1138
1130 1133 1131
1132 1663 1133
1134 1140 1135
1136 1650 1137
1136 1138 1658
1139 1674 1140
1139 1141 1645
1143 1144 1158
1145 1160 1146
1148 1149 1155
1150 1157 1151
1152 1155 1713
1153 1154 1161
1156 1718 1157
1156 1158 1700
1159 1705 1160
1159 1161 1727
1163 1164 1170
1165 1172 1166
1167 1170 1755
1168 1169 1178
1171 1760 1172
1173 1786 1174
1175 1178 1769
1176 1177 1796
1180 1181 1191
1182 1185 1183
1184 1812 1185
1186 1193 1187
1188 1191 1807
1189 1190 1834
1192 1823 1193
1194 1852 1195
1197 1198 1862
1199 1871 1200
1202 1203 1880
1204 1207 1205
1206 1886 1207
1208 1901 1209
1211 1212 1911
1213 1920 1214
1216 1217 1223
1218 1936 1219
1220 1223 1928
1221 1222 1946
1225 1226 1232
1227 1966 1228
1229 1232 1958
1230 1231 1976
1234 1235 1989
1236 1239 1237
1238 1995 1239
1240 2010 1241
1243 1244 2020
1245 2029 1246
1248 1249 2039
1250 2048 1251
1253 1254 1264
1255 1271 1256
1257 1648 1259
1258 1259 1643
1260 1263 1261
1262 2057 1263
1262 1264 2053
1265 1269 1653
1266 1267 1272
1268 1644 1269
1270 2054 1271
1270 1272 2069
1274 1275 1285
1276 1292 1277
1278 1661 1280
1279 1280 1656
1281 1284 1282
1283 2084 1284
1283 1285 2080
1286 1290 1666
1287 1288 1293
1289 1657 1290
1291 2081 1292
1291 1293 2096
1295 1296 1302
1297 1309 1298
1299 2099 1301
1299 1302 2109
1300 1301 2095
1303 1307 1677
1304 1305 1310
1306 1671 1307
1308 2115 1309
1308 1310 2121
1312 1313 1319
1314 1321 1315
1316 2072 1318
1316 1319 2136
1317 1318 2068
1320 2142 1321
1320 1323 2087
1322 2083 1323
1325 1326 1332
1327 1334 1328
1329 2124 1331
1329 1332 2159
1330 1331 2120
1333 2165 1334
1333 1336 2060
1335 2056 1336
1338 1339 1349
1340 1356 1341
1342 1703 1344
1343 1344 1698
1345 1348 1346
1347 2182 1348
1347 1349 2178
1350 1354 1708
1351 1352 1357
1353 1699 1354
1355 2179 1356
1355 1357 2194
1359 1360 1370
1361 1377 1362
1363 1716 1365
1364 1365 1711
1366 1369 1367
1368 2209 1369
1368 1370 2205
1371 1375 1721
1372 1373 1378
1374 1712 1375
1376 2206 1377
1376 1378 2221
1380 1381 1391
1382 1393 1383
1384 1730 1386
1385 1386 1724
1387 1390 1388
1389 2243 1390
1389 1391 2234
1392 2235 1393
1392 1395 2212
1394 2208 1395
1397 1398 1404
1399 1406 1400
1401 2224 1403
1401 1404 2261
1402 1403 2220
1405 2267 1406
1405 1408 2185
1407 2181 1408
1410 1411 1417
1412 1419 1413
1414 2197 1416
1414 1417 2284
1415 1416 2193
1418 2290 1419
1418 1421 2246
1420 2242 1421
1423 1424 1434
1425 1441 1426
1427 1758 1429
1428 1429 1753
1430 1433 1431
1432 2307 1433
1432 1434 2303
1435 1439 1763
1436 1437 1442
1438 1754 1439
1440 2304 1441
1440 1442 2319
1444 1445 1455
1446 1457 1447
1448 1772 1450
1449 1450 1766
1451 1454 1452
1453 2341 1454
1453 1455 2332
1456 2333 1457
1456 1459 2310
1458 2306 1459
1460 1464 2150
1461 1462 1468
1463 2149 1464
1465 2322 1467
1465 1468 2357
1466 1467 2318
1469 2176 1471
1470 1471 2175
1472 1475 1473
1474 2369 1475
1474 1477 2344
1476 2340 1477
1479 1480 1490
1481 1497 1482
1483 1810 1485
1484 1485 1805
1486 1489 1487
1488 2383 1489
1488 1490 2379
1491 1495 1815
1492 1493 1498
1494 1806 1495
1496 2380 1497
1496 1498 2395
1500 1501 1507
1502 1514 1503
1504 2398 1506
1504 1507 2408
1505 1506 2394
1508 1512 1826
1509 1510 1515
1511 1820 1512
1513 2414 1514
1513 1515 2420
1516 2278 1518
1517 1518 2277
1519 1522 1520
1521 2433 1522
1521 1524 2386
1523 2382 1524
1525 1529 2298
1526 1527 1533
1528 2297 1529
1530 2423 1532
1530 1533 2445
1531 1532 2419
1534 2255 1536
1534 1538 2118
1535 1536 2254
1537 2117 1538
1539 2153 1541
1540 1541 2152
1542 1550 1543
1544 1548 1889
1545 1546 1551
1547 1878 1548
1549 2456 1550
1549 1551 2459
1552 1556 2275
1553 1554 1560
1555 2274 1556
1557 2462 1559
1557 1560 2472
1558 1559 2458
1561 2353 1563
1561 1565 2417
1562 1563 2352
1564 2416 1565
1566 1570 2365
1567 1568 1578
1569 2364 1570
1571 1931 1573
1572 1573 1925
1574 1577 1575
1576 2486 1577
1576 1578 2483
1579 2441 1581
1580 1581 2440
1582 1585 1583
1584 2499 1585
1584 1587 2489
1586 2485 1587
1588 1592 2173
1589 1590 1600
1591 2172 1592
1593 1961 1595
1594 1595 1955
1596 1599 1597
1598 2512 1599
1598 1600 2509
1601 2301 1603
1602 1603 2300
1604 1607 1605
1606 2525 1607
1606 1609 2515
1608 2511 1609
1610 2377 1612
1611 1612 2376
1613 1621 1614
1615 1619 1998
1616 1617 1622
1618 1987 1619
1620 2535 1621
1620 1622 2538
1623 1627 2453
1624 1625 1631
1626 2452 1627
1628 2541 1630
1628 1631 2551
1629 1630 2537
1632 2507 1634
1632 1636 2480
1633 1634 2506
1635 2479 1636
1637 2533 1639
1637 1641 2559
1638 1639 2532
1640 2558 1641
1646 1649 1647
1648 1695 1649
1651 1652 1654
1653 1654 1684
1659 1662 1660
1661 1686 1662
1664 1665 1667
1666 1667 1672
1668 2094 1670
1669 1670 1673
1675 1676 1678
1677 1678 1693
1679 2067 1681
1679 1683 2082
1680 1681 1685
1682 1687 1683
1688 2119 1690
1688 1692 2055
1689 1690 1694
1691 1696 1692
1701 1704 1702
1703 1741 1704
1706 1707 1709
1708 1709 1748
1714 1717 1715
1716 1732 1717
1719 1720 1722
1721 1722 1739
1723 1726 2207
1725 1733 1726
1728 1731 1729
1730 1750 1731
1734 2219 1736
1734 1738 2180
1735 1736 1740
1737 1742 1738
1743 2192 1745
1743 1747 2241
1744 1745 1749
1746 1751 1747
1756 1759 1757
1758 1774 1759
1761 1762 1764
1763 1764 1781
1765 1768 2305
1767 1775 1768
1770 1773 1771
1772 1802 1773
1776 2317 1778
1776 1780 2074
1777 1778 1782
1779 1788 1780
1784 1785 1789
1787 1789 2054
1790 2062 1792
1790 1794 2339
1791 1792 1801
1793 1803 1794
1797 1800 1798
1799 2053 1800
1808 1811 1809
1810 1840 1811
1813 1814 1816
1815 1816 1821
1817 2393 1819
1818 1819 1822
1824 1825 1827
1826 1827 1847
1828 2187 1830
1828 1832 2381
1829 1830 1839
1831 1841 1832
1835 1838 1836
1837 2178 1838
1842 2418 1844
1842 1846 2199
1843 1844 1848
1845 1854 1846
1850 1851 1855
1853 1855 2179
1856 2214 1858
1856 1860 2101
1857 1858 1867
1859 1873 1860
1863 1866 1864
1865 2205 1866
1869 1870 1874
1872 1874 2081
1875 2089 1877
1876 1877 1885
1881 1884 1882
1883 2080 1884
1887 1888 1890
1889 1890 1896
1891 2457 1893
1891 1895 2226
1892 1893 1897
1894 1903 1895
1899 1900 1904
1902 1904 2206
1905 2312 1907
1905 1909 2400
1906 1907 1916
1908 1922 1909
1912 1915 1913
1914 2303 1915
1918 1919 1923
1921 1923 2380
1924 1927 2324
1926 1938 1927
1929 1932 1930
1931 1952 1932
1934 1935 1939
1937 1939 2304
1940 2388 1942
1940 1944 2484
1941 1942 1951
1943 1953 1944
1947 1950 1948
1949 2379 1950
1954 1957 2126
1956 1968 1957
1959 1962 1960
1961 1982 1962
1964 1965 1969
1967 1969 2115
1970 2248 1972
1970 1974 2510
1971 1972 1981
1973 1983 1974
1977 1980 1978
1979 2234 1980
1984 2346 1986
1985 1986 1994
1990 1993 1991
1992 2332 1993
1996 1997 1999
1998 1999 2005
2000 2536 2002
2000 2004 2425
2001 2002 2006
2003 2012 2004
2008 2009 2013
2011 2013 2414
2014 2491 2016
2014 2018 2464
2015 2016 2025
2017 2031 2018
2021 2024 2022
2023 2483 2024
2027 2028 2032
2030 2032 2456
2033 2517 2035
2033 2037 2543
2034 2035 2044
2036 2050 2037
2040 2043 2041
2042 2509 2043
2046 2047 2051
2049 2051 2535
2058 2059 2061
2060 2061 2065
2062 2174 2064
2063 2064 2066
2070 2073 2071
2072 2077 2073
2074 2076 2148
2075 2078 2076
2085 2086 2088
2087 2088 2092
2089 2151 2091
2090 2091 2093
2097 2100 2098
2099 2104 2100
2101 2103 2116
2102 2105 2103
2106 2454 2108
2107 2108 2114
2110 2113 2111
2112 2118 2113
2122 2125 2123
2124 2129 2125
2126 2128 2171
2127 2130 2128
2131 2354 2133
2131 2135 2455
2132 2133 2141
2134 2146 2135
2137 2140 2138
2139 2150 2140
2143 2144 2147
2145 2147 2153
2154 2508 2156
2154 2158 2366
2155 2156 2164
2157 2169 2158
2160 2163 2161
2162 2173 2163
2166 2167 2170
2168 2170 2176
2183 2184 2186
2185 2186 2190
2187 2276 2189
2188 2189 2191
2195 2198 2196
2197 2202 2198
2199 2201 2296
2200 2203 2201
2210 2211 2213
2212 2213 2217
2214 2253 2216
2215 2216 2218
2222 2225 2223
2224 2229 2225
2226 2228 2273
2227 2230 2228
2231 2233 2454
2232 2239 2233
2236 2237 2240
2238 2240 2255
2244 2245 2247
2246 2247 2251
2248 2299 2250
2249 2250 2252
2256 2469 2258
2256 2260 2430
2257 2258 2266
2259 2271 2260
2262 2265 2263
2264 2275 2265
2268 2269 2272
2270 2272 2278
2279 2442 2281
2279 2283 2522
2280 2281 2289
2282 2294 2283
2285 2288 2286
2287 2298 2288
2291 2292 2295
2293 2295 2301
2308 2309 2311
2310 2311 2315
2312 2351 2314
2313 2314 2316
2320 2323 2321
2322 2327 2323
2324 2326 2363
2325 2328 2326
2329 2331 2481
2330 2337 2331
2334 2335 2338
2336 2338 2353
2342 2343 2345
2344 2345 2349
2346 2375 2348
2347 2348 2350
2354 2482 2356
2355 2356 2362
2358 2361 2359
2360 2365 2361
2366 2368 2534
2367 2373 2368
2370 2371 2374
2372 2374 2377
2384 2385 2387
2386 2387 2391
2388 2439 2390
2389 2390 2392
2396 2399 2397
2398 2403 2399
2400 2402 2415
2401 2404 2402
2405 2481 2407
2406 2407 2413
2409 2412 2410
2411 2417 2412
2421 2424 2422
2423 2428 2424
2425 2427 2451
2426 2429 2427
2430 2432 2496
2431 2437 2432
2434 2435 2438
2436 2438 2441
2442 2548 2444
2443 2444 2450
2446 2449 2447
2448 2453 2449
2460 2463 2461
2462 2467 2463
2464 2466 2478
2465 2468 2466
2469 2560 2471
2470 2471 2477
2473 2476 2474
2475 2480 2476
2487 2488 2490
2489 2490 2494
2491 2505 2493
2492 2493 2495
2496 2498 2560
2497 2503 2498
2500 2501 2504
2502 2504 2507
2513 2514 2516
2515 2516 2520
2517 2531 2519
2518 2519 2521
2522 2524 2561
2523 2529 2524
2526 2527 2530
2528 2530 2533
2539 2542 2540
2541 2546 2542
2543 2545 2557
2544 2547 2545
2548 2561 2550
2549 2550 2556
2552 2555 2553
2554 2559 2555
