863
1128
829
1121
1130
659
1123
859
735
1112
795
915
1155
858
855
1131
1232
1157
780
709
648
752
679
1159
1144
1031
900
958
1161
741
1000
1260
1118
662
742
1034
1132
1265
738
1145
1156
1135
916
672
1138
1160
751
1027
739
1113
960
856
854
861
1124
1163
862
1266
857
1114
660
944
946
1032
998
743
828
959
999
1129
869
653
1119
1227
1111
1082
1120
1162
1080
1085
1267
870
778
1033
1134
1142
1158
692
1084
872
747
793
898
702
1262
868
953
744
1028
997
871
1126
1137
1122
737
796
749
1110
1283
734
1010
1078
736
945
949
671
708
1116
689
753
1011
948
1029
860
1269
822
1277
750
1136
1147
952
1229
1133
724
1081
996
1002
994
725
1117
1149
1127
1143
1228
746
873
812
803
1151
913
663
1261
748
1079
867
690
899
864
1264
646
701
1026
1279
1001
809
824
991
962
1109
992
1030
1152
1268
740
1115
704
951
1083
947
723
1153
1217
1008
800
1141
866
844
810
1154
845
923
1148
1231
821
961
674
1067
643
1140
1150
779
1125
995
1069
1077
1281
1139
661
904
678
914
1146
1089
950
794
823
693
813
727
957
820
1219
1278
700
1006
645
1076
1263
990
847
784
988
670
1009
719
683
811
745
865
896
920
656
963
954
1235
843
774
1280
776
1230
1240
1004
691
955
1075
905
