256
2
4
5
7
12
15
18
19
20
21
22
29
30
31
33
37
38
42
48
49
50
51
52
59
60
61
63
67
68
78
82
83
84
86
93
94
95
96
97
98
99
100
101
102
103
104
105
106
107
108
109
110
111
112
133
135
137
138
139
143
152
153
154
155
159
162
168
169
170
171
172
179
180
181
182
183
187
188
202
203
204
206
213
214
215
216
217
218
219
220
221
222
223
224
225
226
227
228
229
230
231
232
255
257
258
259
263
264
272
273
274
275
279
282
303
304
305
306
307
308
309
310
311
312
313
314
316
317
318
319
320
321
322
347
349
350
351
353
354
355
356
357
358
359
360
361
363
365
367
368
369
370
385
386
387
388
389
390
391
392
393
426
428
434
435
436
437
438
439
440
441
442
443
444
448
468
469
470
471
472
473
474
475
476
477
478
479
480
481
482
483
484
485
486
487
488
489
490
491
492
493
494
495
496
497
498
499
500
501
502
503
504
505
506
507
508
509
510
511
512
513
514
515
516
517
518
519
520
521
522
576
578
586
587
588
589
590
591
594
599
619
620
621
622
623
624
625
626
627
628
636
637
638
639
640
642

