751.12 5.356025e+02
1.012954e+00  2.228499e+00  1.464037e-01
9.186170e-01  2.020957e+00  1.325742e-01
9.131411e-01  2.008910e+00  1.317672e-01
7.299084e-01  1.605799e+00  1.050731e-01
7.341758e-01  1.615187e+00  1.056852e-01
1.012972e+00  2.228539e+00  1.463951e-01
9.169794e-01  2.017355e+00  1.324244e-01
9.148165e-01  2.012596e+00  1.318997e-01
7.306288e-01  1.607383e+00  1.052996e-01
7.334627e-01  1.613618e+00  1.054425e-01
9.148165e-01  2.012596e+00  1.318997e-01
9.169794e-01  2.017355e+00  1.324244e-01
7.334627e-01  1.613618e+00  1.054425e-01
7.306288e-01  1.607383e+00  1.052996e-01
9.131411e-01  2.008910e+00  1.317672e-01
9.186170e-01  2.020957e+00  1.325742e-01
7.341758e-01  1.615187e+00  1.056852e-01
7.299084e-01  1.605799e+00  1.050731e-01
7.719033e-01  1.698187e+00  9.025544e-02
8.893538e-01  1.956578e+00  9.452068e-02
8.916610e-01  1.961654e+00  9.480145e-02
7.767861e-01  1.708929e+00  8.968884e-02
8.926029e-01  1.963726e+00  9.363854e-02
8.948732e-01  1.968721e+00  9.391235e-02
8.948732e-01  1.968721e+00  9.391235e-02
8.926029e-01  1.963726e+00  9.363854e-02
8.916610e-01  1.961654e+00  9.480145e-02
8.893538e-01  1.956578e+00  9.452068e-02
9.540632e-01  2.098939e+00  7.304152e-02
9.517473e-01  2.093844e+00  7.321911e-02
1.012962e+00  2.228517e+00  1.444595e-01
9.007140e-01  1.981571e+00  9.238321e-02
9.065278e-01  1.994361e+00  9.298670e-02
9.070312e-01  1.995469e+00  9.289384e-02
9.012259e-01  1.982697e+00  9.229099e-02
9.514336e-01  2.093154e+00  1.202453e-01
1.097428e+00  2.414342e+00  9.973944e-02
8.488158e-01  1.867395e+00  7.530966e-02
8.104456e-01  1.782980e+00  7.887824e-02
1.084141e+00  2.385110e+00  1.036297e-01
9.480038e-01  2.085608e+00  1.190301e-01
1.088752e+00  2.395253e+00  1.034922e-01
1.101839e+00  2.424047e+00  9.962796e-02
8.514877e-01  1.873273e+00  7.508111e-02
8.360306e-01  1.839267e+00  8.841807e-02
1.144170e+00  2.517173e+00  9.142477e-02
1.016778e+00  2.236912e+00  7.817603e-02
8.386343e-01  1.844995e+00  8.895082e-02
1.010907e+00  2.223996e+00  7.784063e-02
1.145548e+00  2.520206e+00  9.187901e-02
1.012959e+00  2.228510e+00  1.444609e-01
9.065278e-01  1.994361e+00  9.298670e-02
9.007140e-01  1.981571e+00  9.238321e-02
9.012259e-01  1.982697e+00  9.229099e-02
9.070312e-01  1.995469e+00  9.289384e-02
9.491792e-01  2.088194e+00  1.203121e-01
8.094278e-01  1.780741e+00  7.896853e-02
1.086227e+00  2.389700e+00  1.040793e-01
1.099074e+00  2.417963e+00  1.002564e-01
8.472999e-01  1.864060e+00  7.544247e-02
9.502812e-01  2.090619e+00  1.189561e-01
1.100242e+00  2.420532e+00  9.910861e-02
8.529872e-01  1.876572e+00  7.494020e-02
1.086711e+00  2.390763e+00  1.030382e-01
8.342161e-01  1.835275e+00  8.886123e-02
1.013940e+00  2.230668e+00  7.849734e-02
1.144326e+00  2.517518e+00  9.209950e-02
8.404189e-01  1.848922e+00  8.850051e-02
1.145411e+00  2.519904e+00  9.120463e-02
1.013784e+00  2.230324e+00  7.752274e-02
9.502812e-01  2.090619e+00  1.189561e-01
8.132539e-01  1.789159e+00  7.859728e-02
1.086711e+00  2.390763e+00  1.030382e-01
1.100242e+00  2.420532e+00  9.910861e-02
8.529872e-01  1.876572e+00  7.494020e-02
9.491792e-01  2.088194e+00  1.203121e-01
1.099074e+00  2.417963e+00  1.002564e-01
8.472999e-01  1.864060e+00  7.544247e-02
1.086227e+00  2.389700e+00  1.040793e-01
8.404189e-01  1.848922e+00  8.850051e-02
1.013784e+00  2.230324e+00  7.752274e-02
8.342161e-01  1.835275e+00  8.886123e-02
1.013940e+00  2.230668e+00  7.849734e-02
9.480038e-01  2.085608e+00  1.190301e-01
1.101839e+00  2.424047e+00  9.962796e-02
8.514877e-01  1.873273e+00  7.508111e-02
8.122431e-01  1.786935e+00  7.869856e-02
1.088752e+00  2.395253e+00  1.034922e-01
9.514336e-01  2.093154e+00  1.202453e-01
1.084141e+00  2.385110e+00  1.036297e-01
1.097428e+00  2.414342e+00  9.973944e-02
8.488158e-01  1.867395e+00  7.530966e-02
8.386343e-01  1.844995e+00  8.895082e-02
1.010907e+00  2.223996e+00  7.784063e-02
8.360306e-01  1.839267e+00  8.841807e-02
1.016778e+00  2.236912e+00  7.817603e-02
6.962562e-01  1.531764e+00  9.871797e-02
9.943882e-01  2.187654e+00  8.012112e-02
1.138098e+00  2.503815e+00  6.609448e-02
1.061604e+00  2.335530e+00  6.023173e-02
9.950551e-01  2.189121e+00  8.046043e-02
1.060064e+00  2.332141e+00  6.031221e-02
6.953466e-01  1.529763e+00  9.884689e-02
9.963641e-01  2.192001e+00  7.965092e-02
1.137851e+00  2.503271e+00  6.548987e-02
1.065796e+00  2.344751e+00  5.998782e-02
9.969933e-01  2.193385e+00  7.998545e-02
1.064297e+00  2.341454e+00  6.007081e-02
9.969933e-01  2.193385e+00  7.998545e-02
1.136674e+00  2.500682e+00  6.558087e-02
1.064297e+00  2.341454e+00  6.007081e-02
9.963641e-01  2.192001e+00  7.965092e-02
1.065796e+00  2.344751e+00  5.998782e-02
9.950551e-01  2.189121e+00  8.046043e-02
1.136933e+00  2.501253e+00  6.618685e-02
1.060064e+00  2.332141e+00  6.031221e-02
9.943882e-01  2.187654e+00  8.012112e-02
1.061604e+00  2.335530e+00  6.023173e-02
1.011505e+00  2.225310e+00  6.798101e-02
1.011870e+00  2.226113e+00  6.795650e-02
1.012957e+00  2.228504e+00  1.447602e-01
9.450219e-01  2.079048e+00  7.015955e-02
7.747599e-01  1.704472e+00  1.023678e-01
9.521427e-01  2.094714e+00  7.064500e-02
7.701615e-01  1.694355e+00  1.016797e-01
9.295182e-01  2.044940e+00  1.273428e-01
1.144906e+00  2.518793e+00  8.212261e-02
7.575612e-01  1.666635e+00  9.506984e-02
8.114435e-01  1.785176e+00  6.012442e-02
9.559543e-01  2.103100e+00  1.249202e-01
9.247517e-01  2.034454e+00  1.263752e-01
9.612920e-01  2.114842e+00  1.254187e-01
1.148752e+00  2.527254e+00  8.228543e-02
7.615399e-01  1.675388e+00  9.536494e-02
7.663822e-01  1.686041e+00  9.803871e-02
1.047867e+00  2.305308e+00  1.290079e-01
9.446049e-01  2.078131e+00  1.136146e-01
7.700837e-01  1.694184e+00  9.861327e-02
9.389589e-01  2.065710e+00  1.129415e-01
1.048182e+00  2.305999e+00  1.292272e-01
1.012966e+00  2.228524e+00  1.447561e-01
9.506922e-01  2.091523e+00  7.063299e-02
7.703773e-01  1.694830e+00  1.018495e-01
9.464971e-01  2.082294e+00  7.016622e-02
7.745468e-01  1.704003e+00  1.021886e-01
9.273376e-01  2.040143e+00  1.273875e-01
8.109311e-01  1.784048e+00  6.015663e-02
9.578747e-01  2.107324e+00  1.253768e-01
1.146090e+00  2.521397e+00  8.245021e-02
7.575745e-01  1.666664e+00  9.538622e-02
9.269698e-01  2.039334e+00  1.263172e-01
1.147617e+00  2.524756e+00  8.194921e-02
7.615269e-01  1.675359e+00  9.503453e-02
9.594132e-01  2.110709e+00  1.249465e-01
7.655303e-01  1.684167e+00  9.846366e-02
9.425930e-01  2.073705e+00  1.139370e-01
1.047943e+00  2.305475e+00  1.296303e-01
7.709238e-01  1.696032e+00  9.817653e-02
1.048138e+00  2.305903e+00  1.285981e-01
9.410111e-01  2.070225e+00  1.126154e-01
9.269698e-01  2.039334e+00  1.263172e-01
8.123096e-01  1.787081e+00  6.005448e-02
9.594132e-01  2.110709e+00  1.249465e-01
1.147617e+00  2.524756e+00  8.194921e-02
7.615269e-01  1.675359e+00  9.503453e-02
9.273376e-01  2.040143e+00  1.273875e-01
1.146090e+00  2.521397e+00  8.245021e-02
7.575745e-01  1.666664e+00  9.538622e-02
9.578747e-01  2.107324e+00  1.253768e-01
7.709238e-01  1.696032e+00  9.817653e-02
9.410111e-01  2.070225e+00  1.126154e-01
9.605748e-01  2.113265e+00  6.839630e-02
1.048138e+00  2.305903e+00  1.285981e-01
7.655303e-01  1.684167e+00  9.846366e-02
9.631135e-01  2.118850e+00  6.903269e-02
1.047943e+00  2.305475e+00  1.296303e-01
9.425930e-01  2.073705e+00  1.139370e-01
9.247517e-01  2.034454e+00  1.263752e-01
1.148752e+00  2.527254e+00  8.228543e-02
7.615399e-01  1.675388e+00  9.536494e-02
8.117982e-01  1.785956e+00  6.009771e-02
9.612920e-01  2.114842e+00  1.254187e-01
9.295182e-01  2.044940e+00  1.273428e-01
9.559543e-01  2.103100e+00  1.249202e-01
1.144906e+00  2.518793e+00  8.212261e-02
7.575612e-01  1.666635e+00  9.506984e-02
7.700837e-01  1.694184e+00  9.861327e-02
9.582562e-01  2.108164e+00  6.849321e-02
1.048182e+00  2.305999e+00  1.292272e-01
9.389589e-01  2.065710e+00  1.129415e-01
7.663822e-01  1.686041e+00  9.803871e-02
9.446049e-01  2.078131e+00  1.136146e-01
9.653977e-01  2.123875e+00  6.893975e-02
1.047867e+00  2.305308e+00  1.290079e-01
7.090964e-01  1.560012e+00  9.713356e-02
1.090640e+00  2.399409e+00  7.353654e-02
1.008144e+00  2.217917e+00  1.255863e-01
1.087754e+00  2.393058e+00  7.331159e-02
1.010104e+00  2.222230e+00  1.257877e-01
9.496754e-01  2.089286e+00  8.536579e-02
9.810076e-01  2.158217e+00  5.054303e-02
1.019518e+00  2.242940e+00  9.012705e-02
1.179636e+00  2.595198e+00  5.682973e-02
9.405970e-01  2.069313e+00  7.766650e-02
9.511551e-01  2.092541e+00  8.567125e-02
9.385332e-01  2.064773e+00  7.759021e-02
9.791614e-01  2.154155e+00  5.054034e-02
1.017792e+00  2.239143e+00  9.017721e-02
7.117012e-01  1.565743e+00  9.677860e-02
1.089174e+00  2.396182e+00  7.266124e-02
1.010215e+00  2.222474e+00  1.247323e-01
1.092036e+00  2.402478e+00  7.288352e-02
1.008258e+00  2.218168e+00  1.245355e-01
9.528093e-01  2.096180e+00  8.467872e-02
1.179604e+00  2.595129e+00  5.614183e-02
9.441804e-01  2.077197e+00  7.706722e-02
9.864110e-01  2.170104e+00  5.019250e-02
1.019524e+00  2.242952e+00  8.905732e-02
9.542481e-01  2.099346e+00  8.497831e-02
9.845978e-01  2.166115e+00  5.019272e-02
1.017798e+00  2.239155e+00  8.910807e-02
9.421570e-01  2.072745e+00  7.699580e-02
9.542481e-01  2.099346e+00  8.497831e-02
1.179253e+00  2.594357e+00  5.617058e-02
9.421570e-01  2.072745e+00  7.699580e-02
9.845978e-01  2.166115e+00  5.019272e-02
1.017798e+00  2.239155e+00  8.910807e-02
9.528093e-01  2.096180e+00  8.467872e-02
9.864110e-01  2.170104e+00  5.019250e-02
1.019524e+00  2.242952e+00  8.905732e-02
9.441804e-01  2.077197e+00  7.706722e-02
9.511551e-01  2.092541e+00  8.567125e-02
9.791614e-01  2.154155e+00  5.054034e-02
1.017792e+00  2.239143e+00  9.017721e-02
1.179290e+00  2.594439e+00  5.685889e-02
9.385332e-01  2.064773e+00  7.759021e-02
9.496754e-01  2.089286e+00  8.536579e-02
9.405970e-01  2.069313e+00  7.766650e-02
9.810076e-01  2.158217e+00  5.054303e-02
1.019518e+00  2.242940e+00  9.012705e-02
1.002029e+00  2.204463e+00  6.876544e-02
1.164626e+00  2.562177e+00  4.305946e-02
1.047906e+00  2.305392e+00  6.756839e-02
1.162606e+00  2.557732e+00  4.303659e-02
1.048160e+00  2.305953e+00  6.766623e-02
1.000950e+00  2.202091e+00  6.883948e-02
1.163879e+00  2.560535e+00  4.317388e-02
1.047826e+00  2.305218e+00  6.773928e-02
1.161812e+00  2.555987e+00  4.314916e-02
1.048113e+00  2.305849e+00  6.783943e-02
1.012969e+00  2.228532e+00  1.458989e-01
7.703773e-01  1.694830e+00  1.018495e-01
7.745468e-01  1.704003e+00  1.021886e-01
9.389310e-01  2.065648e+00  8.629223e-02
1.194003e+00  2.626806e+00  1.229914e-01
9.471252e-01  2.083675e+00  9.388081e-02
9.437335e-01  2.076214e+00  8.691988e-02
9.415499e-01  2.071410e+00  9.345376e-02
9.459171e-01  2.081018e+00  8.659960e-02
1.193761e+00  2.626274e+00  1.224141e-01
9.431048e-01  2.074831e+00  9.303767e-02
9.411488e-01  2.070527e+00  8.597435e-02
9.486558e-01  2.087043e+00  9.345681e-02
9.773484e-01  2.150166e+00  1.142799e-01
9.493036e-01  2.088468e+00  1.006921e-01
7.711541e-01  1.696539e+00  8.914931e-02
1.124606e+00  2.474133e+00  9.393604e-02
1.100217e+00  2.420478e+00  9.782158e-02
9.342027e-01  2.055246e+00  8.129334e-02
9.553349e-01  2.101737e+00  6.686127e-02
1.149922e+00  2.529828e+00  8.958766e-02
7.904962e-01  1.739092e+00  8.079467e-02
1.112696e+00  2.447930e+00  1.234571e-01
1.107859e+00  2.437290e+00  1.228095e-01
1.064759e+00  2.342470e+00  1.081810e-01
8.205287e-01  1.805163e+00  9.064031e-02
9.754261e-01  2.145937e+00  1.128520e-01
7.753619e-01  1.705796e+00  8.883243e-02
1.111473e+00  2.445240e+00  7.009678e-02
9.546737e-01  2.100282e+00  1.003180e-01
1.068814e+00  2.351391e+00  1.081903e-01
1.000846e+00  2.201861e+00  1.270496e-01
1.127811e+00  2.481183e+00  9.406952e-02
1.095170e+00  2.409375e+00  9.702338e-02
9.377722e-01  2.063099e+00  8.140589e-02
9.586503e-01  2.109031e+00  6.663916e-02
1.154215e+00  2.539273e+00  8.940256e-02
9.133710e-01  2.009416e+00  8.076613e-02
9.557093e-01  2.102560e+00  8.450006e-02
1.179094e+00  2.594007e+00  5.602281e-02
1.048272e+00  2.306199e+00  8.898981e-02
1.079377e+00  2.374629e+00  4.919541e-02
1.149153e+00  2.528136e+00  9.047054e-02
9.179962e-01  2.019592e+00  8.834409e-02
1.089412e+00  2.396706e+00  7.076466e-02
9.158383e-01  2.014844e+00  7.534800e-02
9.148277e-01  2.012621e+00  8.126540e-02
1.048253e+00  2.306156e+00  8.923822e-02
1.074374e+00  2.363624e+00  4.912243e-02
9.503582e-01  2.090788e+00  8.446890e-02
1.179717e+00  2.595378e+00  5.637102e-02
1.085682e+00  2.388501e+00  7.033954e-02
9.177002e-01  2.018940e+00  7.542016e-02
1.148746e+00  2.527242e+00  9.122901e-02
9.199711e-01  2.023936e+00  8.926551e-02
1.012955e+00  2.228501e+00  1.459055e-01
7.747599e-01  1.704472e+00  1.023678e-01
7.701615e-01  1.694355e+00  1.016797e-01
9.437335e-01  2.076214e+00  8.691988e-02
1.193776e+00  2.626307e+00  1.230609e-01
9.415499e-01  2.071410e+00  9.345376e-02
9.389310e-01  2.065648e+00  8.629223e-02
9.471252e-01  2.083675e+00  9.388081e-02
9.411488e-01  2.070527e+00  8.597435e-02
1.193996e+00  2.626792e+00  1.223430e-01
9.486558e-01  2.087043e+00  9.345681e-02
9.459171e-01  2.081018e+00  8.659960e-02
9.431048e-01  2.074831e+00  9.303767e-02
9.754831e-01  2.146063e+00  1.142444e-01
7.709515e-01  1.696093e+00  8.928881e-02
9.514109e-01  2.093104e+00  1.011710e-01
7.908546e-01  1.739880e+00  8.075237e-02
1.110096e+00  2.442211e+00  1.232095e-01
1.110497e+00  2.443094e+00  1.230425e-01
1.067505e+00  2.348510e+00  1.085113e-01
8.203323e-01  1.804731e+00  9.065800e-02
1.125374e+00  2.475823e+00  9.455327e-02
1.097452e+00  2.414394e+00  9.808768e-02
9.324601e-01  2.051412e+00  8.160851e-02
9.534475e-01  2.097584e+00  6.699407e-02
1.151204e+00  2.532649e+00  9.009350e-02
9.772929e-01  2.150044e+00  1.128836e-01
9.526074e-01  2.095736e+00  9.984382e-02
7.755620e-01  1.706236e+00  8.868831e-02
1.109042e+00  2.439893e+00  6.983899e-02
1.127083e+00  2.479583e+00  9.345231e-02
1.097973e+00  2.415541e+00  9.675721e-02
9.394894e-01  2.066877e+00  8.108350e-02
9.605047e-01  2.113110e+00  6.650250e-02
1.152980e+00  2.536557e+00  8.890179e-02
1.066093e+00  2.345405e+00  1.078561e-01
1.002947e+00  2.206483e+00  1.272077e-01
9.113931e-01  2.005065e+00  8.113105e-02
1.048283e+00  2.306223e+00  8.959156e-02
1.076507e+00  2.368315e+00  4.938293e-02
9.536523e-01  2.098035e+00  8.493315e-02
1.179117e+00  2.594057e+00  5.642039e-02
1.087023e+00  2.391450e+00  7.098236e-02
9.137337e-01  2.010214e+00  7.559883e-02
1.149166e+00  2.528165e+00  9.115464e-02
9.159481e-01  2.015086e+00  8.881969e-02
9.167663e-01  2.016886e+00  8.089541e-02
9.524564e-01  2.095404e+00  8.404180e-02
1.179700e+00  2.595341e+00  5.597386e-02
1.048270e+00  2.306194e+00  8.864030e-02
1.077278e+00  2.370013e+00  4.893739e-02
1.148726e+00  2.527198e+00  9.054474e-02
9.219810e-01  2.028358e+00  8.878335e-02
1.088099e+00  2.393818e+00  7.012478e-02
9.197666e-01  2.023486e+00  7.516517e-02
9.772929e-01  2.150044e+00  1.128836e-01
7.755620e-01  1.706236e+00  8.868831e-02
9.526074e-01  2.095736e+00  9.984382e-02
7.895009e-01  1.736902e+00  8.089072e-02
1.110497e+00  2.443094e+00  1.230425e-01
1.110096e+00  2.442211e+00  1.232095e-01
1.066093e+00  2.345405e+00  1.078561e-01
8.217441e-01  1.807837e+00  9.050226e-02
1.127083e+00  2.479583e+00  9.345231e-02
1.097973e+00  2.415541e+00  9.675721e-02
9.394894e-01  2.066877e+00  8.108350e-02
9.605047e-01  2.113110e+00  6.650250e-02
1.152980e+00  2.536557e+00  8.890179e-02
9.754831e-01  2.146063e+00  1.142444e-01
9.514109e-01  2.093104e+00  1.011710e-01
7.709515e-01  1.696093e+00  8.928881e-02
1.109475e+00  2.440844e+00  7.077704e-02
1.125374e+00  2.475823e+00  9.455327e-02
1.097452e+00  2.414394e+00  9.808768e-02
9.324601e-01  2.051412e+00  8.160851e-02
9.534475e-01  2.097584e+00  6.699407e-02
1.151204e+00  2.532649e+00  9.009350e-02
1.067505e+00  2.348510e+00  1.085113e-01
1.001274e+00  2.202804e+00  1.279621e-01
9.167663e-01  2.016886e+00  8.089541e-02
1.048270e+00  2.306194e+00  8.864030e-02
1.077278e+00  2.370013e+00  4.893739e-02
1.088099e+00  2.393818e+00  7.012478e-02
9.197666e-01  2.023486e+00  7.516517e-02
9.113931e-01  2.005065e+00  8.113105e-02
1.048283e+00  2.306223e+00  8.959156e-02
1.076507e+00  2.368315e+00  4.938293e-02
1.087023e+00  2.391450e+00  7.098236e-02
9.137337e-01  2.010214e+00  7.559883e-02
9.754261e-01  2.145937e+00  1.128520e-01
9.546737e-01  2.100282e+00  1.003180e-01
7.753619e-01  1.705796e+00  8.883243e-02
1.127811e+00  2.481183e+00  9.406952e-02
1.095170e+00  2.409375e+00  9.702338e-02
9.377722e-01  2.063099e+00  8.140589e-02
9.586503e-01  2.109031e+00  6.663916e-02
1.154215e+00  2.539273e+00  8.940256e-02
7.898602e-01  1.737692e+00  8.086158e-02
1.107859e+00  2.437290e+00  1.228095e-01
1.112696e+00  2.447930e+00  1.234571e-01
1.068814e+00  2.351391e+00  1.081903e-01
8.215483e-01  1.807406e+00  9.052852e-02
9.773484e-01  2.150166e+00  1.142799e-01
7.711541e-01  1.696539e+00  8.914931e-02
1.107006e+00  2.435413e+00  7.051684e-02
9.493036e-01  2.088468e+00  1.006921e-01
1.064759e+00  2.342470e+00  1.081810e-01
1.003365e+00  2.207403e+00  1.281280e-01
1.124606e+00  2.474133e+00  9.393604e-02
1.100217e+00  2.420478e+00  9.782158e-02
9.342027e-01  2.055246e+00  8.129334e-02
9.553349e-01  2.101737e+00  6.686127e-02
1.149922e+00  2.529828e+00  8.958766e-02
9.148277e-01  2.012621e+00  8.126540e-02
1.048253e+00  2.306156e+00  8.923822e-02
1.074374e+00  2.363624e+00  4.912243e-02
1.085682e+00  2.388501e+00  7.033954e-02
9.177002e-01  2.018940e+00  7.542016e-02
9.133710e-01  2.009416e+00  8.076613e-02
1.048272e+00  2.306199e+00  8.898981e-02
1.079377e+00  2.374629e+00  4.919541e-02
1.089412e+00  2.396706e+00  7.076466e-02
9.158383e-01  2.014844e+00  7.534800e-02
7.396549e-01  1.627241e+00  9.386408e-02
1.012798e+00  2.228156e+00  7.900316e-02
1.009578e+00  2.221071e+00  7.059286e-02
1.147937e+00  2.525461e+00  6.527036e-02
1.144486e+00  2.517870e+00  6.772266e-02
1.145763e+00  2.520678e+00  6.782604e-02
1.132093e+00  2.490605e+00  5.643560e-02
1.192344e+00  2.623157e+00  6.504901e-02
1.012845e+00  2.228259e+00  7.938670e-02
1.007606e+00  2.216734e+00  7.072659e-02
1.131428e+00  2.489143e+00  4.437521e-02
1.131344e+00  2.488958e+00  5.646670e-02
1.044741e+00  2.298429e+00  6.808373e-02
7.356869e-01  1.618511e+00  9.436963e-02
1.012951e+00  2.228492e+00  7.873894e-02
1.009473e+00  2.220840e+00  7.025634e-02
1.147907e+00  2.525394e+00  6.466924e-02
1.147799e+00  2.525157e+00  6.735847e-02
1.149029e+00  2.527863e+00  6.745837e-02
1.134085e+00  2.494987e+00  5.633009e-02
1.192327e+00  2.623119e+00  6.473661e-02
1.012967e+00  2.228528e+00  7.911895e-02
1.007498e+00  2.216495e+00  7.038930e-02
1.134796e+00  2.496550e+00  4.435016e-02
1.133381e+00  2.493438e+00  5.636342e-02
1.045639e+00  2.300407e+00  6.789985e-02
1.012967e+00  2.228528e+00  7.911895e-02
1.007498e+00  2.216495e+00  7.038930e-02
1.148308e+00  2.526278e+00  6.463906e-02
1.149029e+00  2.527863e+00  6.745837e-02
1.147799e+00  2.525157e+00  6.735847e-02
1.133381e+00  2.493438e+00  5.636342e-02
1.191837e+00  2.622042e+00  6.476516e-02
1.012951e+00  2.228492e+00  7.873894e-02
1.009473e+00  2.220840e+00  7.025634e-02
1.135926e+00  2.499037e+00  4.421123e-02
1.134085e+00  2.494987e+00  5.633009e-02
1.045420e+00  2.299923e+00  6.774841e-02
1.012845e+00  2.228259e+00  7.938670e-02
1.007606e+00  2.216734e+00  7.072659e-02
1.148335e+00  2.526336e+00  6.523972e-02
1.145763e+00  2.520678e+00  6.782604e-02
1.144486e+00  2.517870e+00  6.772266e-02
1.131344e+00  2.488958e+00  5.646670e-02
1.191856e+00  2.622084e+00  6.507783e-02
1.012798e+00  2.228156e+00  7.900316e-02
1.009578e+00  2.221071e+00  7.059286e-02
1.132602e+00  2.491725e+00  4.423807e-02
1.132093e+00  2.490605e+00  5.643560e-02
1.044487e+00  2.297871e+00  6.792964e-02
9.807024e-01  2.157545e+00  7.081672e-02
9.824430e-01  2.161375e+00  7.069135e-02
1.012955e+00  2.228501e+00  1.459055e-01
9.560812e-01  2.103379e+00  6.386122e-02
7.440090e-01  1.636820e+00  1.048877e-01
9.633188e-01  2.119301e+00  6.433202e-02
7.397062e-01  1.627354e+00  1.042415e-01
9.223558e-01  2.029183e+00  1.308016e-01
1.155601e+00  2.542322e+00  7.657051e-02
7.383163e-01  1.624296e+00  1.021170e-01
8.138094e-01  1.790381e+00  5.462680e-02
9.228607e-01  2.030294e+00  1.304361e-01
9.171327e-01  2.017692e+00  1.299326e-01
9.283091e-01  2.042280e+00  1.311593e-01
1.159310e+00  2.550481e+00  7.679463e-02
7.425511e-01  1.633612e+00  1.026269e-01
7.425764e-01  1.633668e+00  1.025827e-01
1.021718e+00  2.247780e+00  1.418158e-01
9.264794e-01  2.038255e+00  1.269432e-01
7.466591e-01  1.642650e+00  1.031791e-01
9.209968e-01  2.026193e+00  1.261583e-01
1.021752e+00  2.247855e+00  1.418906e-01
1.012969e+00  2.228532e+00  1.458989e-01
9.614154e-01  2.115114e+00  6.428421e-02
7.401690e-01  1.628372e+00  1.044403e-01
9.580153e-01  2.107634e+00  6.390210e-02
7.435513e-01  1.635813e+00  1.046755e-01
9.203947e-01  2.024868e+00  1.307696e-01
8.138094e-01  1.790381e+00  5.462183e-02
9.246607e-01  2.034254e+00  1.307651e-01
1.156607e+00  2.544535e+00  7.677964e-02
7.387582e-01  1.625268e+00  1.024277e-01
9.191336e-01  2.022094e+00  1.299485e-01
1.158349e+00  2.548368e+00  7.657606e-02
7.421140e-01  1.632651e+00  1.022998e-01
9.265485e-01  2.038407e+00  1.308119e-01
7.424662e-01  1.633426e+00  1.029318e-01
9.247059e-01  2.034353e+00  1.270804e-01
1.021743e+00  2.247834e+00  1.421726e-01
7.467678e-01  1.642889e+00  1.028154e-01
1.021762e+00  2.247877e+00  1.415204e-01
9.228095e-01  2.030181e+00  1.260096e-01
9.191336e-01  2.022094e+00  1.299485e-01
8.138094e-01  1.790381e+00  5.462183e-02
9.265485e-01  2.038407e+00  1.308119e-01
1.158349e+00  2.548368e+00  7.657606e-02
7.421140e-01  1.632651e+00  1.022998e-01
9.203947e-01  2.024868e+00  1.307696e-01
1.156607e+00  2.544535e+00  7.677964e-02
7.387582e-01  1.625268e+00  1.024277e-01
9.246607e-01  2.034254e+00  1.307651e-01
7.467678e-01  1.642889e+00  1.028154e-01
9.228095e-01  2.030181e+00  1.260096e-01
9.580153e-01  2.107634e+00  6.390210e-02
1.021762e+00  2.247877e+00  1.415204e-01
7.424662e-01  1.633426e+00  1.029318e-01
9.614154e-01  2.115114e+00  6.428421e-02
1.021743e+00  2.247834e+00  1.421726e-01
9.247059e-01  2.034353e+00  1.270804e-01
9.171327e-01  2.017692e+00  1.299326e-01
1.159310e+00  2.550481e+00  7.679463e-02
7.425511e-01  1.633612e+00  1.026269e-01
8.138094e-01  1.790381e+00  5.462680e-02
9.283091e-01  2.042280e+00  1.311593e-01
9.223558e-01  2.029183e+00  1.308016e-01
9.228607e-01  2.030294e+00  1.304361e-01
1.155601e+00  2.542322e+00  7.657051e-02
7.383163e-01  1.624296e+00  1.021170e-01
7.466591e-01  1.642650e+00  1.031791e-01
9.560812e-01  2.103379e+00  6.386122e-02
1.021752e+00  2.247855e+00  1.418906e-01
9.209968e-01  2.026193e+00  1.261583e-01
7.425764e-01  1.633668e+00  1.025827e-01
9.264794e-01  2.038255e+00  1.269432e-01
9.633188e-01  2.119301e+00  6.433202e-02
1.021718e+00  2.247780e+00  1.418158e-01
7.356869e-01  1.618511e+00  9.436963e-02
1.106829e+00  2.435024e+00  6.109413e-02
9.920312e-01  2.182469e+00  1.213172e-01
1.104120e+00  2.429064e+00  6.091241e-02
9.937099e-01  2.186162e+00  1.214647e-01
9.205446e-01  2.025198e+00  8.977919e-02
9.580153e-01  2.107634e+00  4.811475e-02
9.946483e-01  2.188226e+00  1.012540e-01
1.187971e+00  2.613537e+00  5.604625e-02
9.088822e-01  1.999541e+00  8.674711e-02
9.224501e-01  2.029390e+00  9.007175e-02
9.066839e-01  1.994705e+00  8.657138e-02
9.560812e-01  2.103379e+00  4.806427e-02
9.929952e-01  2.184589e+00  1.012256e-01
7.396549e-01  1.627241e+00  9.386408e-02
1.105898e+00  2.432976e+00  6.026041e-02
9.939088e-01  2.186599e+00  1.201013e-01
1.108575e+00  2.438865e+00  6.043889e-02
9.922362e-01  2.182920e+00  1.199579e-01
9.238866e-01  2.032551e+00  8.898418e-02
1.187971e+00  2.613537e+00  5.532654e-02
9.122037e-01  2.006848e+00  8.597162e-02
9.633188e-01  2.119301e+00  4.775905e-02
9.948341e-01  2.188635e+00  9.998661e-02
9.257520e-01  2.036654e+00  8.927034e-02
9.614154e-01  2.115114e+00  4.771156e-02
9.931868e-01  2.185011e+00  9.996047e-02
9.100439e-01  2.002097e+00  8.580207e-02
9.257520e-01  2.036654e+00  8.927034e-02
1.187971e+00  2.613537e+00  5.532654e-02
9.100439e-01  2.002097e+00  8.580207e-02
9.614154e-01  2.115114e+00  4.771156e-02
9.931868e-01  2.185011e+00  9.996047e-02
9.238866e-01  2.032551e+00  8.898418e-02
9.633188e-01  2.119301e+00  4.775905e-02
9.948341e-01  2.188635e+00  9.998661e-02
9.122037e-01  2.006848e+00  8.597162e-02
9.224501e-01  2.029390e+00  9.007175e-02
9.560812e-01  2.103379e+00  4.806427e-02
9.929952e-01  2.184589e+00  1.012256e-01
1.187971e+00  2.613537e+00  5.604625e-02
9.066839e-01  1.994705e+00  8.657138e-02
9.205446e-01  2.025198e+00  8.977919e-02
9.088822e-01  1.999541e+00  8.674711e-02
9.580153e-01  2.107634e+00  4.811475e-02
9.946483e-01  2.188226e+00  1.012540e-01
9.824430e-01  2.161375e+00  7.069135e-02
1.159310e+00  2.550481e+00  4.079628e-02
1.020327e+00  2.244720e+00  7.354993e-02
1.156607e+00  2.544535e+00  4.074934e-02
1.020887e+00  2.245951e+00  7.367757e-02
9.807024e-01  2.157545e+00  7.081672e-02
1.158349e+00  2.548368e+00  4.095236e-02
1.020199e+00  2.244438e+00  7.383512e-02
1.155601e+00  2.542322e+00  4.090353e-02
1.020786e+00  2.245729e+00  7.396525e-02
1.012966e+00  2.228524e+00  1.447561e-01
7.805150e-01  1.717133e+00  9.757058e-02
9.174351e-01  2.018357e+00  7.393429e-02
7.851896e-01  1.727417e+00  9.798288e-02
9.126912e-01  2.007921e+00  7.341234e-02
9.138892e-01  2.010556e+00  9.009388e-02
7.850595e-01  1.727131e+00  9.811226e-02
1.021951e+00  2.248293e+00  1.404275e-01
1.204895e+00  2.650769e+00  1.211092e-01
9.194925e-01  2.022884e+00  1.057345e-01
9.193470e-01  2.022563e+00  9.070715e-02
9.137473e-01  2.010244e+00  1.051054e-01
1.021940e+00  2.248268e+00  1.405273e-01
9.207867e-01  2.025731e+00  9.047153e-02
1.204895e+00  2.650769e+00  1.207602e-01
9.147256e-01  2.012396e+00  1.047817e-01
7.806468e-01  1.717423e+00  9.744616e-02
1.021932e+00  2.248250e+00  1.401339e-01
9.153527e-01  2.013776e+00  8.985970e-02
1.021957e+00  2.248304e+00  1.400288e-01
9.204546e-01  2.025000e+00  1.054050e-01
9.643890e-01  2.121656e+00  1.168173e-01
9.666893e-01  2.126717e+00  1.018768e-01
8.775391e-01  1.930586e+00  5.817393e-02
7.646132e-01  1.682149e+00  8.700950e-02
1.086030e+00  2.389265e+00  7.809479e-02
1.111371e+00  2.445017e+00  9.662235e-02
7.730506e-01  1.700711e+00  8.798791e-02
9.409056e-01  2.069992e+00  1.172151e-01
1.124382e+00  2.473640e+00  9.672053e-02
8.794990e-01  1.934898e+00  8.650195e-02
8.992473e-01  1.978344e+00  7.102871e-02
1.114518e+00  2.451939e+00  1.059663e-01
9.681649e-01  2.129963e+00  1.074936e-01
7.898602e-01  1.737692e+00  8.086158e-02
1.124382e+00  2.473640e+00  1.105397e-01
1.088978e+00  2.395752e+00  1.286566e-01
9.626851e-01  2.117907e+00  1.159360e-01
9.419291e-01  2.072244e+00  1.299511e-01
1.072857e+00  2.360285e+00  1.062107e-01
9.673426e-01  2.128154e+00  1.255278e-01
8.063044e-01  1.773870e+00  9.417707e-02
9.617217e-01  2.115788e+00  1.154893e-01
7.685047e-01  1.690710e+00  8.685727e-02
1.090652e+00  2.399434e+00  7.780911e-02
9.719841e-01  2.138365e+00  1.016866e-01
8.805113e-01  1.937125e+00  5.788480e-02
1.077348e+00  2.370165e+00  1.061031e-01
1.119863e+00  2.463698e+00  1.096192e-01
8.076192e-01  1.776762e+00  9.395256e-02
9.643422e-01  2.121553e+00  1.242919e-01
1.115295e+00  2.453648e+00  9.661743e-02
1.119863e+00  2.463698e+00  9.579763e-02
8.824910e-01  1.941480e+00  8.639109e-02
7.770885e-01  1.709595e+00  8.809388e-02
9.363159e-01  2.059895e+00  1.162530e-01
9.024246e-01  1.985334e+00  7.078747e-02
9.651770e-01  2.123389e+00  1.063297e-01
1.118786e+00  2.461330e+00  1.057510e-01
8.752914e-01  1.925641e+00  8.407791e-02
9.508724e-01  2.091919e+00  8.756050e-02
1.154682e+00  2.540301e+00  6.530048e-02
1.056361e+00  2.323994e+00  9.362557e-02
1.041895e+00  2.292168e+00  5.663328e-02
1.148726e+00  2.527198e+00  9.054474e-02
9.716752e-01  2.137685e+00  8.057774e-02
9.728049e-01  2.140171e+00  9.388254e-02
8.672064e-01  1.907854e+00  8.852084e-02
1.054699e+00  2.320339e+00  7.407833e-02
8.677615e-01  1.909075e+00  8.197567e-02
9.716752e-01  2.137685e+00  7.509015e-02
1.142222e+00  2.512889e+00  9.893721e-02
8.773039e-01  1.930069e+00  8.459146e-02
1.056759e+00  2.324871e+00  9.384976e-02
1.036434e+00  2.280156e+00  5.647281e-02
9.451891e-01  2.079416e+00  8.741041e-02
1.155621e+00  2.542367e+00  6.566644e-02
1.049829e+00  2.309623e+00  7.370242e-02
9.751238e-01  2.145272e+00  7.537298e-02
1.144988e+00  2.518973e+00  9.910130e-02
8.700384e-01  1.914084e+00  8.227650e-02
1.149166e+00  2.528165e+00  9.115464e-02
8.694544e-01  1.912800e+00  8.925172e-02
9.751238e-01  2.145272e+00  8.121513e-02
9.658988e-01  2.124977e+00  9.373579e-02
1.012957e+00  2.228504e+00  1.447602e-01
7.850595e-01  1.727131e+00  9.811226e-02
9.117058e-01  2.005753e+00  7.344203e-02
7.806468e-01  1.717423e+00  9.744616e-02
9.184042e-01  2.020489e+00  7.390738e-02
9.193470e-01  2.022563e+00  9.070715e-02
7.805150e-01  1.717133e+00  9.757058e-02
1.021940e+00  2.248268e+00  1.405273e-01
1.204895e+00  2.650769e+00  1.211092e-01
9.137473e-01  2.010244e+00  1.051054e-01
9.138892e-01  2.010556e+00  9.009388e-02
9.194925e-01  2.022884e+00  1.057345e-01
1.021951e+00  2.248293e+00  1.404275e-01
9.153527e-01  2.013776e+00  8.985970e-02
1.204895e+00  2.650769e+00  1.207602e-01
9.204546e-01  2.025000e+00  1.054050e-01
7.851896e-01  1.727417e+00  9.798288e-02
1.021957e+00  2.248304e+00  1.400288e-01
9.207867e-01  2.025731e+00  9.047153e-02
1.021932e+00  2.248250e+00  1.401339e-01
9.147256e-01  2.012396e+00  1.047817e-01
9.622779e-01  2.117011e+00  1.168437e-01
7.644842e-01  1.681865e+00  8.719820e-02
1.088320e+00  2.394304e+00  7.842617e-02
9.686452e-01  2.131019e+00  1.024161e-01
8.758447e-01  1.926858e+00  5.823271e-02
7.895009e-01  1.736902e+00  8.089072e-02
9.647549e-01  2.122461e+00  1.164508e-01
9.396810e-01  2.067298e+00  1.298240e-01
1.121667e+00  2.467667e+00  1.104765e-01
1.091275e+00  2.400805e+00  1.290737e-01
1.075324e+00  2.365713e+00  1.065944e-01
8.055744e-01  1.772264e+00  9.421526e-02
9.651353e-01  2.123298e+00  1.254631e-01
1.112563e+00  2.447639e+00  9.719520e-02
1.121667e+00  2.467667e+00  9.688324e-02
8.778116e-01  1.931185e+00  8.674067e-02
7.727899e-01  1.700138e+00  8.828046e-02
9.386452e-01  2.065020e+00  1.174311e-01
8.974415e-01  1.974371e+00  7.117113e-02
9.659724e-01  2.125139e+00  1.076207e-01
1.115969e+00  2.455132e+00  1.065694e-01
9.638453e-01  2.120460e+00  1.154579e-01
9.700704e-01  2.134155e+00  1.011489e-01
8.821846e-01  1.940806e+00  5.782106e-02
7.686322e-01  1.690991e+00  8.666114e-02
1.088404e+00  2.394488e+00  7.747800e-02
1.114150e+00  2.451129e+00  9.604357e-02
7.773460e-01  1.710161e+00  8.779072e-02
9.386121e-01  2.064947e+00  1.160310e-01
1.122611e+00  2.469744e+00  9.563192e-02
8.841574e-01  1.945146e+00  8.614375e-02
9.042048e-01  1.989250e+00  7.063952e-02
1.117384e+00  2.458244e+00  1.051509e-01
9.673865e-01  2.128250e+00  1.062005e-01
1.074918e+00  2.364820e+00  1.057147e-01
9.665664e-01  2.126446e+00  1.243477e-01
1.122611e+00  2.469744e+00  1.096714e-01
8.083456e-01  1.778360e+00  9.390235e-02
8.732993e-01  1.921258e+00  8.448718e-02
1.056449e+00  2.324189e+00  9.428877e-02
1.039050e+00  2.285911e+00  5.687049e-02
9.487838e-01  2.087324e+00  8.801544e-02
1.154759e+00  2.540470e+00  6.578908e-02
1.051964e+00  2.314320e+00  7.435398e-02
9.697136e-01  2.133370e+00  7.543414e-02
1.142793e+00  2.514144e+00  9.961640e-02
8.658049e-01  1.904771e+00  8.233600e-02
1.148746e+00  2.527242e+00  9.122901e-02
8.652361e-01  1.903519e+00  8.898679e-02
9.697136e-01  2.133370e+00  8.098752e-02
9.703069e-01  2.134675e+00  9.432270e-02
8.792603e-01  1.934373e+00  8.417633e-02
9.473184e-01  2.084100e+00  8.696127e-02
1.155558e+00  2.542228e+00  6.517868e-02
1.056702e+00  2.324745e+00  9.319008e-02
1.039315e+00  2.286494e+00  5.623872e-02
1.149153e+00  2.528136e+00  9.047054e-02
9.770544e-01  2.149520e+00  8.079811e-02
9.684345e-01  2.130556e+00  9.330124e-02
8.713907e-01  1.917060e+00  8.877886e-02
1.052599e+00  2.315717e+00  7.343015e-02
8.719611e-01  1.918314e+00  8.191071e-02
9.770544e-01  2.149520e+00  7.502277e-02
1.144454e+00  2.517798e+00  9.842528e-02
9.638453e-01  2.120460e+00  1.154579e-01
7.686322e-01  1.690991e+00  8.666114e-02
1.088404e+00  2.394488e+00  7.747800e-02
9.700704e-01  2.134155e+00  1.011489e-01
8.821846e-01  1.940806e+00  5.782106e-02
7.908546e-01  1.739880e+00  8.075237e-02
9.659741e-01  2.125143e+00  1.156567e-01
9.396413e-01  2.067211e+00  1.291572e-01
1.122611e+00  2.469744e+00  1.096714e-01
1.091372e+00  2.401017e+00  1.284215e-01
1.074918e+00  2.364820e+00  1.057147e-01
8.083456e-01  1.778360e+00  9.390235e-02
9.665664e-01  2.126446e+00  1.243477e-01
1.114150e+00  2.451129e+00  9.604357e-02
1.122611e+00  2.469744e+00  9.563192e-02
8.841574e-01  1.945146e+00  8.614375e-02
7.773460e-01  1.710161e+00  8.779072e-02
9.386121e-01  2.064947e+00  1.160310e-01
9.042048e-01  1.989250e+00  7.063952e-02
9.673865e-01  2.128250e+00  1.062005e-01
1.117384e+00  2.458244e+00  1.051509e-01
9.622779e-01  2.117011e+00  1.168437e-01
9.686452e-01  2.131019e+00  1.024161e-01
8.758447e-01  1.926858e+00  5.823271e-02
7.644842e-01  1.681865e+00  8.719820e-02
1.088320e+00  2.394304e+00  7.842617e-02
1.112563e+00  2.447639e+00  9.719520e-02
7.727899e-01  1.700138e+00  8.828046e-02
9.386452e-01  2.065020e+00  1.174311e-01
1.121667e+00  2.467667e+00  9.688324e-02
8.778116e-01  1.931185e+00  8.674067e-02
8.974415e-01  1.974371e+00  7.117113e-02
1.115969e+00  2.455132e+00  1.065694e-01
9.659724e-01  2.125139e+00  1.076207e-01
1.075324e+00  2.365713e+00  1.065944e-01
9.651353e-01  2.123298e+00  1.254631e-01
1.121667e+00  2.467667e+00  1.104765e-01
8.055744e-01  1.772264e+00  9.421526e-02
8.792603e-01  1.934373e+00  8.417633e-02
1.056702e+00  2.324745e+00  9.319008e-02
1.039315e+00  2.286494e+00  5.623872e-02
9.473184e-01  2.084100e+00  8.696127e-02
1.155558e+00  2.542228e+00  6.517868e-02
1.052599e+00  2.315717e+00  7.343015e-02
9.770544e-01  2.149520e+00  7.502277e-02
1.144454e+00  2.517798e+00  9.842528e-02
8.719611e-01  1.918314e+00  8.191071e-02
8.732993e-01  1.921258e+00  8.448718e-02
9.487838e-01  2.087324e+00  8.801544e-02
1.154759e+00  2.540470e+00  6.578908e-02
1.056449e+00  2.324189e+00  9.428877e-02
1.039050e+00  2.285911e+00  5.687049e-02
1.051964e+00  2.314320e+00  7.435398e-02
8.658049e-01  1.904771e+00  8.233600e-02
9.697136e-01  2.133370e+00  7.543414e-02
1.142793e+00  2.514144e+00  9.961640e-02
9.617217e-01  2.115788e+00  1.154893e-01
9.719841e-01  2.138365e+00  1.016866e-01
8.805113e-01  1.937125e+00  5.788480e-02
7.685047e-01  1.690710e+00  8.685727e-02
1.090652e+00  2.399434e+00  7.780911e-02
1.115295e+00  2.453648e+00  9.661743e-02
7.770885e-01  1.709595e+00  8.809388e-02
9.363159e-01  2.059895e+00  1.162530e-01
1.119863e+00  2.463698e+00  9.579763e-02
8.824910e-01  1.941480e+00  8.639109e-02
9.024246e-01  1.985334e+00  7.078747e-02
1.118786e+00  2.461330e+00  1.057510e-01
9.651770e-01  2.123389e+00  1.063297e-01
7.904962e-01  1.739092e+00  8.079467e-02
1.119863e+00  2.463698e+00  1.096192e-01
1.093626e+00  2.405977e+00  1.288507e-01
9.680021e-01  2.129605e+00  1.161817e-01
9.373572e-01  2.062186e+00  1.290464e-01
1.077348e+00  2.370165e+00  1.061031e-01
9.643422e-01  2.121553e+00  1.242919e-01
8.076192e-01  1.776762e+00  9.395256e-02
9.643890e-01  2.121656e+00  1.168173e-01
7.646132e-01  1.682149e+00  8.700950e-02
1.086030e+00  2.389265e+00  7.809479e-02
9.666893e-01  2.126717e+00  1.018768e-01
8.775391e-01  1.930586e+00  5.817393e-02
1.072857e+00  2.360285e+00  1.062107e-01
1.124382e+00  2.473640e+00  1.105397e-01
8.063044e-01  1.773870e+00  9.417707e-02
9.673426e-01  2.128154e+00  1.255278e-01
1.111371e+00  2.445017e+00  9.662235e-02
1.124382e+00  2.473640e+00  9.672053e-02
8.794990e-01  1.934898e+00  8.650195e-02
7.730506e-01  1.700711e+00  8.798791e-02
9.409056e-01  2.069992e+00  1.172151e-01
8.992473e-01  1.978344e+00  7.102871e-02
9.681649e-01  2.129963e+00  1.074936e-01
1.114518e+00  2.451939e+00  1.059663e-01
8.773039e-01  1.930069e+00  8.459146e-02
9.451891e-01  2.079416e+00  8.741041e-02
1.155621e+00  2.542367e+00  6.566644e-02
1.056759e+00  2.324871e+00  9.384976e-02
1.036434e+00  2.280156e+00  5.647281e-02
1.049829e+00  2.309623e+00  7.370242e-02
8.700384e-01  1.914084e+00  8.227650e-02
9.751238e-01  2.145272e+00  7.537298e-02
1.144988e+00  2.518973e+00  9.910130e-02
8.752914e-01  1.925641e+00  8.407791e-02
1.056361e+00  2.323994e+00  9.362557e-02
1.041895e+00  2.292168e+00  5.663328e-02
9.508724e-01  2.091919e+00  8.756050e-02
1.154682e+00  2.540301e+00  6.530048e-02
1.054699e+00  2.320339e+00  7.407833e-02
9.716752e-01  2.137685e+00  7.509015e-02
1.142222e+00  2.512889e+00  9.893721e-02
8.677615e-01  1.909075e+00  8.197567e-02
7.117012e-01  1.565743e+00  9.677860e-02
1.015276e+00  2.233607e+00  1.253671e-01
1.070130e+00  2.354286e+00  8.326923e-02
1.013228e+00  2.229101e+00  1.251366e-01
1.072975e+00  2.360544e+00  8.351271e-02
1.007291e+00  2.216040e+00  7.894124e-02
9.513486e-01  2.092967e+00  6.919940e-02
1.113059e+00  2.448731e+00  5.144035e-02
1.027550e+00  2.260610e+00  6.966626e-02
1.089902e+00  2.397785e+00  4.693824e-02
1.148335e+00  2.526336e+00  6.523972e-02
1.172078e+00  2.578571e+00  6.501086e-02
1.092599e+00  2.403717e+00  7.019788e-02
9.624490e-01  2.117388e+00  7.028966e-02
9.683821e-01  2.130441e+00  7.810240e-02
1.102879e+00  2.426335e+00  5.792972e-02
1.012078e+00  2.226571e+00  7.370784e-02
1.155307e+00  2.541676e+00  7.221506e-02
1.007615e+00  2.216752e+00  7.930061e-02
1.025799e+00  2.256758e+00  6.977085e-02
1.088511e+00  2.394724e+00  4.704433e-02
9.493316e-01  2.088530e+00  6.934965e-02
1.110922e+00  2.444029e+00  5.157958e-02
1.101696e+00  2.423732e+00  5.798535e-02
1.173098e+00  2.580816e+00  6.520174e-02
1.154479e+00  2.539853e+00  7.228471e-02
1.012532e+00  2.227571e+00  7.395016e-02
7.090964e-01  1.560012e+00  9.713356e-02
1.013301e+00  2.229263e+00  1.256596e-01
1.072098e+00  2.358615e+00  8.398394e-02
1.015347e+00  2.233764e+00  1.258938e-01
1.069237e+00  2.352321e+00  8.373948e-02
1.008413e+00  2.218508e+00  7.857581e-02
1.027494e+00  2.260487e+00  6.918425e-02
1.093683e+00  2.406103e+00  4.682801e-02
9.550028e-01  2.101006e+00  6.894246e-02
1.112094e+00  2.446606e+00  5.106252e-02
1.148308e+00  2.526278e+00  6.463906e-02
9.659842e-01  2.125165e+00  6.984657e-02
9.713967e-01  2.137073e+00  7.755634e-02
1.174866e+00  2.584704e+00  6.463920e-02
1.096398e+00  2.412076e+00  6.986448e-02
1.106076e+00  2.433368e+00  5.775564e-02
1.155189e+00  2.541416e+00  7.169909e-02
1.013555e+00  2.229822e+00  7.338579e-02
1.008702e+00  2.219145e+00  7.893100e-02
9.530267e-01  2.096659e+00  6.909610e-02
1.109932e+00  2.441851e+00  5.119977e-02
1.025742e+00  2.256631e+00  6.928813e-02
1.092335e+00  2.403136e+00  4.693596e-02
1.104937e+00  2.430861e+00  5.781358e-02
1.013974e+00  2.230742e+00  7.362442e-02
1.175840e+00  2.586847e+00  6.482639e-02
1.154352e+00  2.539574e+00  7.176773e-02
1.008702e+00  2.219145e+00  7.893100e-02
1.025742e+00  2.256631e+00  6.928813e-02
1.092335e+00  2.403136e+00  4.693596e-02
9.530267e-01  2.096659e+00  6.909610e-02
1.109932e+00  2.441851e+00  5.119977e-02
1.147907e+00  2.525394e+00  6.466924e-02
9.640933e-01  2.121005e+00  6.985176e-02
9.726793e-01  2.139894e+00  7.775496e-02
1.175840e+00  2.586847e+00  6.482639e-02
1.095038e+00  2.409084e+00  6.986537e-02
1.104937e+00  2.430861e+00  5.781358e-02
1.154352e+00  2.539574e+00  7.176773e-02
1.013974e+00  2.230742e+00  7.362442e-02
1.008413e+00  2.218508e+00  7.857581e-02
9.550028e-01  2.101006e+00  6.894246e-02
1.112094e+00  2.446606e+00  5.106252e-02
1.027494e+00  2.260487e+00  6.918425e-02
1.093683e+00  2.406103e+00  4.682801e-02
1.106076e+00  2.433368e+00  5.775564e-02
1.013555e+00  2.229822e+00  7.338579e-02
1.174866e+00  2.584704e+00  6.463920e-02
1.155189e+00  2.541416e+00  7.169909e-02
1.007615e+00  2.216752e+00  7.930061e-02
9.493316e-01  2.088530e+00  6.934965e-02
1.110922e+00  2.444029e+00  5.157958e-02
1.025799e+00  2.256758e+00  6.977085e-02
1.088511e+00  2.394724e+00  4.704433e-02
1.147937e+00  2.525461e+00  6.527036e-02
1.173098e+00  2.580816e+00  6.520174e-02
1.091195e+00  2.400630e+00  7.019565e-02
9.605165e-01  2.113136e+00  7.029105e-02
9.697057e-01  2.133352e+00  7.830588e-02
1.101696e+00  2.423732e+00  5.798535e-02
1.012532e+00  2.227571e+00  7.395016e-02
1.154479e+00  2.539853e+00  7.228471e-02
1.007291e+00  2.216040e+00  7.894124e-02
1.027550e+00  2.260610e+00  6.966626e-02
1.089902e+00  2.397785e+00  4.693824e-02
9.513486e-01  2.092967e+00  6.919940e-02
1.113059e+00  2.448731e+00  5.144035e-02
1.102879e+00  2.426335e+00  5.792972e-02
1.172078e+00  2.578571e+00  6.501086e-02
1.155307e+00  2.541676e+00  7.221506e-02
1.012078e+00  2.226571e+00  7.370784e-02
1.000950e+00  2.202091e+00  6.883948e-02
1.056943e+00  2.325276e+00  6.284835e-02
1.150676e+00  2.531487e+00  4.458720e-02
1.056794e+00  2.324946e+00  6.291471e-02
1.149321e+00  2.528506e+00  4.458804e-02
1.002029e+00  2.204463e+00  6.876544e-02
1.056919e+00  2.325223e+00  6.277422e-02
1.151134e+00  2.532495e+00  4.452154e-02
1.056737e+00  2.324821e+00  6.283853e-02
1.149825e+00  2.529615e+00  4.452415e-02
1.012959e+00  2.228510e+00  1.444609e-01
9.117058e-01  2.005753e+00  7.344203e-02
9.184042e-01  2.020489e+00  7.390738e-02
9.582562e-01  2.108164e+00  6.849321e-02
1.057690e+00  2.326919e+00  1.395440e-01
7.890383e-01  1.735884e+00  1.017484e-01
7.874644e-01  1.732422e+00  1.002025e-01
9.567363e-01  2.104820e+00  7.134777e-02
9.653977e-01  2.123875e+00  6.893975e-02
1.057607e+00  2.326734e+00  1.393515e-01
7.848181e-01  1.726600e+00  1.010528e-01
7.835947e-01  1.723908e+00  9.944576e-02
9.639789e-01  2.120754e+00  7.173704e-02
9.394886e-01  2.066875e+00  1.238657e-01
1.111719e+00  2.445781e+00  8.333133e-02
8.037088e-01  1.768159e+00  6.330021e-02
1.151889e+00  2.534157e+00  8.070450e-02
9.631720e-01  2.118978e+00  1.207749e-01
7.815160e-01  1.719335e+00  9.663518e-02
7.870379e-01  1.731483e+00  9.118563e-02
1.156393e+00  2.544064e+00  8.063192e-02
8.117982e-01  1.785956e+00  6.009771e-02
9.675979e-01  2.128715e+00  1.299450e-01
9.623352e-01  2.117138e+00  1.291703e-01
9.520916e-01  2.094602e+00  1.261680e-01
8.143670e-01  1.791607e+00  6.338263e-02
9.353386e-01  2.057745e+00  1.227751e-01
8.049853e-01  1.770968e+00  6.324608e-02
9.680021e-01  2.129605e+00  1.161817e-01
1.115957e+00  2.455105e+00  8.339511e-02
9.572143e-01  2.105871e+00  1.267543e-01
9.373572e-01  2.062186e+00  1.290464e-01
1.155364e+00  2.541800e+00  8.093366e-02
9.578291e-01  2.107224e+00  1.199184e-01
7.855728e-01  1.728260e+00  9.705590e-02
7.910788e-01  1.740373e+00  9.142261e-02
1.160104e+00  2.552229e+00  8.075905e-02
7.986224e-01  1.756969e+00  9.322472e-02
9.691640e-01  2.132161e+00  6.998697e-02
1.056758e+00  2.324867e+00  1.134227e-01
1.138578e+00  2.504871e+00  7.997227e-02
9.578771e-01  2.107330e+00  9.967845e-02
1.048289e+00  2.306235e+00  1.288780e-01
7.854862e-01  1.728070e+00  9.811052e-02
9.618703e-01  2.116115e+00  1.094185e-01
7.847434e-01  1.726436e+00  9.255457e-02
8.018085e-01  1.763979e+00  9.377834e-02
1.141359e+00  2.510989e+00  8.019591e-02
9.523750e-01  2.095225e+00  9.917671e-02
9.622750e-01  2.117005e+00  6.962555e-02
1.056949e+00  2.325288e+00  1.137281e-01
9.568309e-01  2.105028e+00  1.086765e-01
7.882672e-01  1.734188e+00  9.292755e-02
1.048200e+00  2.306040e+00  1.292415e-01
7.890472e-01  1.735904e+00  9.883649e-02
1.012962e+00  2.228517e+00  1.444595e-01
9.174351e-01  2.018357e+00  7.393429e-02
9.126912e-01  2.007921e+00  7.341234e-02
9.631135e-01  2.118850e+00  6.903269e-02
1.057632e+00  2.326791e+00  1.397296e-01
7.844357e-01  1.725759e+00  1.013921e-01
7.828788e-01  1.722333e+00  9.975645e-02
9.620741e-01  2.116563e+00  7.187891e-02
9.605748e-01  2.113265e+00  6.839630e-02
1.057691e+00  2.326920e+00  1.391564e-01
7.894157e-01  1.736714e+00  1.013968e-01
7.881709e-01  1.733976e+00  9.988267e-02
9.586717e-01  2.109078e+00  7.120423e-02
9.372087e-01  2.061859e+00  1.239417e-01
8.029787e-01  1.766553e+00  6.337185e-02
1.113158e+00  2.448947e+00  8.373519e-02
8.123096e-01  1.787081e+00  6.005448e-02
9.654746e-01  2.124044e+00  1.297258e-01
9.644999e-01  2.121900e+00  1.293712e-01
9.543611e-01  2.099595e+00  1.265201e-01
8.143670e-01  1.791607e+00  6.337685e-02
1.152707e+00  2.535955e+00  8.109147e-02
9.610066e-01  2.114215e+00  1.209729e-01
7.810756e-01  1.718366e+00  9.701208e-02
7.863854e-01  1.730048e+00  9.155127e-02
1.157399e+00  2.546278e+00  8.108306e-02
9.376501e-01  2.062830e+00  1.226890e-01
1.114566e+00  2.452046e+00  8.298547e-02
8.057119e-01  1.772566e+00  6.316385e-02
9.659741e-01  2.125143e+00  1.156567e-01
1.154588e+00  2.540093e+00  8.054004e-02
9.600354e-01  2.112078e+00  1.197117e-01
7.860077e-01  1.729217e+00  9.666587e-02
7.917224e-01  1.741789e+00  9.104649e-02
1.159143e+00  2.550114e+00  8.030377e-02
9.549844e-01  2.100966e+00  1.263857e-01
9.396413e-01  2.067211e+00  1.291572e-01
7.971901e-01  1.753818e+00  9.367796e-02
1.139152e+00  2.506135e+00  8.047180e-02
9.557595e-01  2.102671e+00  1.000843e-01
9.666754e-01  2.126686e+00  7.020351e-02
1.056804e+00  2.324969e+00  1.141486e-01
9.596886e-01  2.111315e+00  1.097565e-01
7.836244e-01  1.723974e+00  9.296558e-02
1.048288e+00  2.306234e+00  1.295262e-01
7.843820e-01  1.725640e+00  9.854485e-02
8.032190e-01  1.767082e+00  9.331595e-02
9.648011e-01  2.122562e+00  6.940883e-02
1.056931e+00  2.325249e+00  1.130010e-01
1.140821e+00  2.509805e+00  7.969375e-02
9.545337e-01  2.099974e+00  9.877276e-02
1.048222e+00  2.306089e+00  1.285891e-01
7.901355e-01  1.738298e+00  9.839176e-02
9.590526e-01  2.109916e+00  1.083369e-01
7.893702e-01  1.736614e+00  9.250657e-02
9.376501e-01  2.062830e+00  1.226890e-01
8.057119e-01  1.772566e+00  6.316385e-02
1.114566e+00  2.452046e+00  8.298547e-02
8.109311e-01  1.784048e+00  6.015663e-02
9.644999e-01  2.121900e+00  1.293712e-01
9.654746e-01  2.124044e+00  1.297258e-01
9.549844e-01  2.100966e+00  1.263857e-01
8.143670e-01  1.791607e+00  6.337685e-02
1.154588e+00  2.540093e+00  8.054004e-02
9.600354e-01  2.112078e+00  1.197117e-01
7.860077e-01  1.729217e+00  9.666587e-02
7.917224e-01  1.741789e+00  9.104649e-02
1.159143e+00  2.550114e+00  8.030377e-02
9.372087e-01  2.061859e+00  1.239417e-01
1.113158e+00  2.448947e+00  8.373519e-02
8.029787e-01  1.766553e+00  6.337185e-02
9.647549e-01  2.122461e+00  1.164508e-01
1.152707e+00  2.535955e+00  8.109147e-02
9.610066e-01  2.114215e+00  1.209729e-01
7.810756e-01  1.718366e+00  9.701208e-02
7.863854e-01  1.730048e+00  9.155127e-02
1.157399e+00  2.546278e+00  8.108306e-02
9.543611e-01  2.099595e+00  1.265201e-01
9.396810e-01  2.067298e+00  1.298240e-01
8.032190e-01  1.767082e+00  9.331595e-02
1.140821e+00  2.509805e+00  7.969375e-02
9.545337e-01  2.099974e+00  9.877276e-02
9.648011e-01  2.122562e+00  6.940883e-02
1.056931e+00  2.325249e+00  1.130010e-01
9.590526e-01  2.109916e+00  1.083369e-01
7.893702e-01  1.736614e+00  9.250657e-02
9.464971e-01  2.082294e+00  7.016622e-02
7.894157e-01  1.736714e+00  1.013968e-01
1.057691e+00  2.326920e+00  1.391564e-01
7.435513e-01  1.635813e+00  1.046755e-01
1.048222e+00  2.306089e+00  1.285891e-01
7.901355e-01  1.738298e+00  9.839176e-02
9.586717e-01  2.109078e+00  7.120423e-02
7.971901e-01  1.753818e+00  9.367796e-02
9.666754e-01  2.126686e+00  7.020351e-02
1.056804e+00  2.324969e+00  1.141486e-01
1.139152e+00  2.506135e+00  8.047180e-02
9.557595e-01  2.102671e+00  1.000843e-01
9.506922e-01  2.091523e+00  7.063299e-02
7.401690e-01  1.628372e+00  1.044403e-01
7.844357e-01  1.725759e+00  1.013921e-01
1.057632e+00  2.326791e+00  1.397296e-01
1.048288e+00  2.306234e+00  1.295262e-01
9.620741e-01  2.116563e+00  7.187891e-02
7.843820e-01  1.725640e+00  9.854485e-02
9.596886e-01  2.111315e+00  1.097565e-01
7.836244e-01  1.723974e+00  9.296558e-02
9.353386e-01  2.057745e+00  1.227751e-01
1.115957e+00  2.455105e+00  8.339511e-02
8.049853e-01  1.770968e+00  6.324608e-02
1.155364e+00  2.541800e+00  8.093366e-02
9.578291e-01  2.107224e+00  1.199184e-01
7.855728e-01  1.728260e+00  9.705590e-02
7.910788e-01  1.740373e+00  9.142261e-02
1.160104e+00  2.552229e+00  8.075905e-02
8.114435e-01  1.785176e+00  6.012442e-02
9.623352e-01  2.117138e+00  1.291703e-01
9.675979e-01  2.128715e+00  1.299450e-01
9.572143e-01  2.105871e+00  1.267543e-01
8.143670e-01  1.791607e+00  6.338263e-02
9.394886e-01  2.066875e+00  1.238657e-01
8.037088e-01  1.768159e+00  6.330021e-02
9.626851e-01  2.117907e+00  1.159360e-01
1.111719e+00  2.445781e+00  8.333133e-02
9.520916e-01  2.094602e+00  1.261680e-01
9.419291e-01  2.072244e+00  1.299511e-01
1.151889e+00  2.534157e+00  8.070450e-02
9.631720e-01  2.118978e+00  1.207749e-01
7.815160e-01  1.719335e+00  9.663518e-02
7.870379e-01  1.731483e+00  9.118563e-02
1.156393e+00  2.544064e+00  8.063192e-02
8.018085e-01  1.763979e+00  9.377834e-02
9.622750e-01  2.117005e+00  6.962555e-02
1.056949e+00  2.325288e+00  1.137281e-01
1.141359e+00  2.510989e+00  8.019591e-02
9.523750e-01  2.095225e+00  9.917671e-02
9.450219e-01  2.079048e+00  7.015955e-02
7.440090e-01  1.636820e+00  1.048877e-01
7.890383e-01  1.735884e+00  1.017484e-01
1.057690e+00  2.326919e+00  1.395440e-01
1.048200e+00  2.306040e+00  1.292415e-01
9.567363e-01  2.104820e+00  7.134777e-02
7.890472e-01  1.735904e+00  9.883649e-02
9.568309e-01  2.105028e+00  1.086765e-01
7.882672e-01  1.734188e+00  9.292755e-02
7.986224e-01  1.756969e+00  9.322472e-02
1.138578e+00  2.504871e+00  7.997227e-02
9.578771e-01  2.107330e+00  9.967845e-02
9.691640e-01  2.132161e+00  6.998697e-02
1.056758e+00  2.324867e+00  1.134227e-01
9.618703e-01  2.116115e+00  1.094185e-01
7.847434e-01  1.726436e+00  9.255457e-02
9.521427e-01  2.094714e+00  7.064500e-02
7.848181e-01  1.726600e+00  1.010528e-01
1.057607e+00  2.326734e+00  1.393515e-01
7.397062e-01  1.627354e+00  1.042415e-01
1.048289e+00  2.306235e+00  1.288780e-01
7.854862e-01  1.728070e+00  9.811052e-02
9.639789e-01  2.120754e+00  7.173704e-02
6.953466e-01  1.529763e+00  9.884689e-02
1.072098e+00  2.358615e+00  8.398394e-02
1.013301e+00  2.229263e+00  1.256596e-01
1.069237e+00  2.352321e+00  8.373948e-02
1.015347e+00  2.233764e+00  1.258938e-01
1.109475e+00  2.440844e+00  7.077704e-02
7.659720e-01  1.685138e+00  9.088669e-02
7.567245e-01  1.664794e+00  9.348856e-02
1.012115e+00  2.226652e+00  1.219322e-01
1.001274e+00  2.202804e+00  1.279621e-01
1.107587e+00  2.436692e+00  8.036925e-02
7.082475e-01  1.558145e+00  9.700951e-02
1.107006e+00  2.435413e+00  7.051684e-02
7.567828e-01  1.664922e+00  9.342431e-02
1.014198e+00  2.231235e+00  1.220279e-01
7.659931e-01  1.685185e+00  9.079711e-02
1.003365e+00  2.207403e+00  1.281280e-01
7.082628e-01  1.558178e+00  9.697150e-02
1.104876e+00  2.430728e+00  8.008894e-02
9.748054e-01  2.144572e+00  8.225768e-02
9.919034e-01  2.182188e+00  5.160045e-02
1.021555e+00  2.247421e+00  7.997160e-02
1.152123e+00  2.534671e+00  5.595405e-02
9.237418e-01  2.032232e+00  5.379093e-02
9.079379e-01  1.997463e+00  9.822723e-02
9.738628e-01  2.142498e+00  9.266697e-02
1.017072e+00  2.237559e+00  1.029420e-01
1.000101e+00  2.200223e+00  9.312733e-02
9.586717e-01  2.109078e+00  5.410843e-02
9.688809e-01  2.131538e+00  8.959554e-02
1.179290e+00  2.594439e+00  5.685889e-02
9.712762e-01  2.136808e+00  8.089993e-02
9.731009e-01  2.140822e+00  8.108525e-02
9.777404e-01  2.151029e+00  7.436315e-02
1.188785e+00  2.615328e+00  5.498097e-02
9.758643e-01  2.146901e+00  8.257914e-02
1.151310e+00  2.532882e+00  5.600605e-02
9.605165e-01  2.113136e+00  7.029105e-02
9.900378e-01  2.178083e+00  5.164174e-02
1.019652e+00  2.243235e+00  8.006950e-02
9.760832e-01  2.147383e+00  7.426713e-02
9.697057e-01  2.133352e+00  7.830588e-02
9.217795e-01  2.027915e+00  5.378780e-02
9.756967e-01  2.146533e+00  9.306726e-02
1.015052e+00  2.233115e+00  1.029974e-01
9.101416e-01  2.002311e+00  9.861609e-02
9.979440e-01  2.195477e+00  9.324757e-02
9.702056e-01  2.134452e+00  9.001547e-02
9.567363e-01  2.104820e+00  5.416139e-02
6.962562e-01  1.531764e+00  9.871797e-02
1.070130e+00  2.354286e+00  8.326923e-02
1.015276e+00  2.233607e+00  1.253671e-01
1.072975e+00  2.360544e+00  8.351271e-02
1.013228e+00  2.229101e+00  1.251366e-01
1.109042e+00  2.439893e+00  6.983899e-02
7.706729e-01  1.695480e+00  9.026065e-02
7.604592e-01  1.673010e+00  9.298372e-02
1.013983e+00  2.230762e+00  1.207488e-01
1.002947e+00  2.206483e+00  1.272077e-01
1.106656e+00  2.434643e+00  7.951785e-02
7.102490e-01  1.562548e+00  9.670697e-02
1.111473e+00  2.445240e+00  7.009678e-02
7.604015e-01  1.672883e+00  9.305109e-02
1.011895e+00  2.226168e+00  1.206591e-01
7.706521e-01  1.695435e+00  9.035196e-02
1.000846e+00  2.201861e+00  1.270496e-01
7.102339e-01  1.562515e+00  9.674925e-02
1.109335e+00  2.440536e+00  7.979799e-02
9.774686e-01  2.150431e+00  8.167972e-02
1.152007e+00  2.534415e+00  5.534685e-02
9.970149e-01  2.193433e+00  5.128387e-02
1.021428e+00  2.247141e+00  7.912343e-02
1.179253e+00  2.594357e+00  5.617058e-02
9.747643e-01  2.144482e+00  8.025169e-02
9.765468e-01  2.148403e+00  8.043162e-02
9.809838e-01  2.158164e+00  7.385238e-02
1.188785e+00  2.615328e+00  5.438108e-02
9.287159e-01  2.043175e+00  5.341423e-02
9.772649e-01  2.149983e+00  9.185704e-02
1.016836e+00  2.237039e+00  1.016621e-01
9.112631e-01  2.004779e+00  9.734094e-02
9.997017e-01  2.199344e+00  9.202699e-02
9.718751e-01  2.138125e+00  8.887924e-02
9.639789e-01  2.120754e+00  5.375988e-02
9.784875e-01  2.152673e+00  8.199582e-02
9.951855e-01  2.189408e+00  5.132788e-02
1.019521e+00  2.242947e+00  7.922083e-02
1.151185e+00  2.532608e+00  5.539810e-02
9.640933e-01  2.121005e+00  6.985176e-02
9.267808e-01  2.038918e+00  5.341501e-02
9.134282e-01  2.009542e+00  9.772339e-02
9.790563e-01  2.153924e+00  9.225114e-02
1.014810e+00  2.232581e+00  1.017192e-01
9.975348e-01  2.194577e+00  9.214727e-02
9.620741e-01  2.116563e+00  5.381635e-02
9.731586e-01  2.140949e+00  8.929320e-02
9.793690e-01  2.154612e+00  7.376068e-02
9.726793e-01  2.139894e+00  7.775496e-02
9.784875e-01  2.152673e+00  8.199582e-02
1.151185e+00  2.532608e+00  5.539810e-02
9.951855e-01  2.189408e+00  5.132788e-02
1.019521e+00  2.242947e+00  7.922083e-02
1.179604e+00  2.595129e+00  5.614183e-02
9.765468e-01  2.148403e+00  8.043162e-02
9.747643e-01  2.144482e+00  8.025169e-02
9.793690e-01  2.154612e+00  7.376068e-02
1.188785e+00  2.615328e+00  5.438108e-02
9.267808e-01  2.038918e+00  5.341501e-02
9.790563e-01  2.153924e+00  9.225114e-02
1.014810e+00  2.232581e+00  1.017192e-01
9.134282e-01  2.009542e+00  9.772339e-02
9.975348e-01  2.194577e+00  9.214727e-02
9.731586e-01  2.140949e+00  8.929320e-02
9.620741e-01  2.116563e+00  5.381635e-02
9.774686e-01  2.150431e+00  8.167972e-02
9.970149e-01  2.193433e+00  5.128387e-02
1.021428e+00  2.247141e+00  7.912343e-02
1.152007e+00  2.534415e+00  5.534685e-02
9.659842e-01  2.125165e+00  6.984657e-02
9.287159e-01  2.043175e+00  5.341423e-02
9.112631e-01  2.004779e+00  9.734094e-02
9.772649e-01  2.149983e+00  9.185704e-02
1.016836e+00  2.237039e+00  1.016621e-01
9.997017e-01  2.199344e+00  9.202699e-02
9.639789e-01  2.120754e+00  5.375988e-02
9.718751e-01  2.138125e+00  8.887924e-02
9.809838e-01  2.158164e+00  7.385238e-02
9.713967e-01  2.137073e+00  7.755634e-02
9.758643e-01  2.146901e+00  8.257914e-02
9.900378e-01  2.178083e+00  5.164174e-02
1.019652e+00  2.243235e+00  8.006950e-02
1.151310e+00  2.532882e+00  5.600605e-02
9.217795e-01  2.027915e+00  5.378780e-02
9.101416e-01  2.002311e+00  9.861609e-02
9.756967e-01  2.146533e+00  9.306726e-02
1.015052e+00  2.233115e+00  1.029974e-01
9.979440e-01  2.195477e+00  9.324757e-02
9.567363e-01  2.104820e+00  5.416139e-02
9.702056e-01  2.134452e+00  9.001547e-02
1.179636e+00  2.595198e+00  5.682973e-02
9.731009e-01  2.140822e+00  8.108525e-02
9.712762e-01  2.136808e+00  8.089993e-02
9.760832e-01  2.147383e+00  7.426713e-02
1.188785e+00  2.615328e+00  5.498097e-02
9.748054e-01  2.144572e+00  8.225768e-02
1.152123e+00  2.534671e+00  5.595405e-02
9.624490e-01  2.117388e+00  7.028966e-02
9.919034e-01  2.182188e+00  5.160045e-02
1.021555e+00  2.247421e+00  7.997160e-02
9.777404e-01  2.151029e+00  7.436315e-02
9.683821e-01  2.130441e+00  7.810240e-02
9.237418e-01  2.032232e+00  5.379093e-02
9.738628e-01  2.142498e+00  9.266697e-02
1.017072e+00  2.237559e+00  1.029420e-01
9.079379e-01  1.997463e+00  9.822723e-02
1.000101e+00  2.200223e+00  9.312733e-02
9.688809e-01  2.131538e+00  8.959554e-02
9.586717e-01  2.109078e+00  5.410843e-02
1.011870e+00  2.226113e+00  6.795650e-02
1.151134e+00  2.532495e+00  4.452154e-02
1.056919e+00  2.325223e+00  6.277422e-02
1.149825e+00  2.529615e+00  4.452415e-02
1.056737e+00  2.324821e+00  6.283853e-02
1.135926e+00  2.499037e+00  4.421123e-02
9.724576e-01  2.139407e+00  7.191875e-02
1.034338e+00  2.275543e+00  6.889531e-02
1.056988e+00  2.325374e+00  7.224020e-02
1.045420e+00  2.299923e+00  6.774841e-02
1.160104e+00  2.552229e+00  4.481666e-02
1.016023e+00  2.235251e+00  6.817116e-02
1.132602e+00  2.491725e+00  4.423807e-02
1.034359e+00  2.275591e+00  6.906122e-02
1.056487e+00  2.324271e+00  7.246283e-02
9.724708e-01  2.139436e+00  7.208908e-02
1.044487e+00  2.297871e+00  6.792964e-02
1.016026e+00  2.235257e+00  6.833375e-02
1.157399e+00  2.546278e+00  4.487166e-02
1.011505e+00  2.225310e+00  6.798101e-02
1.150676e+00  2.531487e+00  4.458720e-02
1.056943e+00  2.325276e+00  6.284835e-02
1.149321e+00  2.528506e+00  4.458804e-02
1.056794e+00  2.324946e+00  6.291471e-02
1.134796e+00  2.496550e+00  4.435016e-02
9.702969e-01  2.134653e+00  7.207616e-02
1.032762e+00  2.272077e+00  6.899917e-02
1.057093e+00  2.325605e+00  7.249736e-02
1.045639e+00  2.300407e+00  6.789985e-02
1.159143e+00  2.550114e+00  4.490241e-02
1.015214e+00  2.233470e+00  6.822474e-02
1.131428e+00  2.489143e+00  4.437521e-02
1.032785e+00  2.272126e+00  6.916538e-02
1.056625e+00  2.324575e+00  7.272310e-02
9.703104e-01  2.134683e+00  7.224685e-02
1.044741e+00  2.298429e+00  6.808373e-02
1.015216e+00  2.233476e+00  6.838748e-02
1.156393e+00  2.544064e+00  4.495565e-02
1.012972e+00  2.228539e+00  1.463951e-01
7.828788e-01  1.722333e+00  9.975645e-02
7.881709e-01  1.733976e+00  9.988267e-02
9.725933e-01  2.139705e+00  8.181304e-02
1.159013e+00  2.549828e+00  1.184961e-01
1.193776e+00  2.626307e+00  1.230609e-01
9.706700e-01  2.135474e+00  9.846280e-02
9.760855e-01  2.147388e+00  9.905667e-02
9.876812e-01  2.172899e+00  8.866322e-02
1.206084e+00  2.653384e+00  1.167214e-01
9.765487e-01  2.148407e+00  8.245065e-02
1.158151e+00  2.547932e+00  1.186494e-01
9.697136e-01  2.133370e+00  8.098752e-02
9.826119e-01  2.161746e+00  8.825715e-02
9.703069e-01  2.134675e+00  9.432270e-02
9.792072e-01  2.154256e+00  8.210646e-02
1.158072e+00  2.547759e+00  1.178476e-01
1.193996e+00  2.626792e+00  1.223430e-01
9.780180e-01  2.151640e+00  9.863893e-02
9.726335e-01  2.139794e+00  9.805078e-02
9.848623e-01  2.166697e+00  8.781318e-02
1.206084e+00  2.653384e+00  1.159203e-01
9.752905e-01  2.145639e+00  8.147205e-02
1.158948e+00  2.549687e+00  1.176929e-01
9.770544e-01  2.149520e+00  8.079811e-02
9.898956e-01  2.177770e+00  8.821242e-02
9.684345e-01  2.130556e+00  9.330124e-02
9.893440e-01  2.176557e+00  1.116519e-01
9.735210e-01  2.141746e+00  9.631064e-02
7.401888e-01  1.628415e+00  9.291737e-02
1.135883e+00  2.498942e+00  9.185664e-02
1.044791e+00  2.298540e+00  9.621425e-02
1.128022e+00  2.481649e+00  9.336620e-02
1.173234e+00  2.581115e+00  1.006180e-01
9.726335e-01  2.139794e+00  8.034026e-02
9.925292e-01  2.183564e+00  7.633221e-02
1.125491e+00  2.476080e+00  9.068641e-02
1.011120e+00  2.224464e+00  6.322819e-02
1.116476e+00  2.456248e+00  8.829151e-02
1.172078e+00  2.578571e+00  7.479570e-02
1.171642e+00  2.577612e+00  8.671742e-02
9.954758e-01  2.190047e+00  7.667283e-02
8.122431e-01  1.786935e+00  7.869856e-02
1.093626e+00  2.405977e+00  1.288507e-01
1.116863e+00  2.457099e+00  1.222756e-01
8.262273e-01  1.817700e+00  9.414205e-02
1.120967e+00  2.466128e+00  1.274805e-01
1.112797e+00  2.448154e+00  1.214244e-01
1.125491e+00  2.476080e+00  1.278462e-01
1.060720e+00  2.333584e+00  1.092169e-01
1.076461e+00  2.368214e+00  1.289164e-01
8.254132e-01  1.815909e+00  8.457822e-02
8.215483e-01  1.807406e+00  9.052852e-02
1.072728e+00  2.360002e+00  1.282997e-01
9.880957e-01  2.173811e+00  1.101523e-01
7.706521e-01  1.695435e+00  9.035196e-02
1.108575e+00  2.438865e+00  6.043889e-02
7.433780e-01  1.635432e+00  9.270952e-02
1.011895e+00  2.226168e+00  1.206591e-01
1.109335e+00  2.440536e+00  7.979799e-02
1.092036e+00  2.402478e+00  7.288352e-02
7.604015e-01  1.672883e+00  9.305109e-02
9.922362e-01  2.182920e+00  1.199579e-01
9.785051e-01  2.152711e+00  9.602995e-02
1.064062e+00  2.340937e+00  1.094232e-01
7.102339e-01  1.562515e+00  9.674925e-02
1.008258e+00  2.218168e+00  1.245355e-01
1.138211e+00  2.504065e+00  9.214458e-02
1.039303e+00  2.286466e+00  9.560250e-02
1.124132e+00  2.473090e+00  9.249534e-02
1.176999e+00  2.589399e+00  1.005863e-01
9.760855e-01  2.147388e+00  8.024998e-02
9.957434e-01  2.190635e+00  7.643748e-02
1.120967e+00  2.466128e+00  9.002539e-02
1.014253e+00  2.231357e+00  6.304188e-02
1.113353e+00  2.449376e+00  8.755907e-02
1.175840e+00  2.586847e+00  7.465241e-02
1.174745e+00  2.584439e+00  8.669275e-02
9.987532e-01  2.197257e+00  7.661474e-02
9.476799e-01  2.084896e+00  7.776750e-02
9.479524e-01  2.085495e+00  8.189261e-02
1.187957e+00  2.613505e+00  4.679420e-02
1.020984e+00  2.246166e+00  8.463773e-02
1.108575e+00  2.438865e+00  4.188296e-02
9.219810e-01  2.028358e+00  8.878335e-02
9.386572e-01  2.065046e+00  8.376149e-02
1.188771e+00  2.615295e+00  6.408064e-02
1.179700e+00  2.595341e+00  5.597386e-02
9.424101e-01  2.073302e+00  8.403919e-02
9.449872e-01  2.078972e+00  8.157868e-02
1.045020e+00  2.299043e+00  8.946920e-02
9.405375e-01  2.069183e+00  7.735993e-02
1.109335e+00  2.440536e+00  5.300967e-02
1.121647e+00  2.467624e+00  4.703868e-02
9.455845e-01  2.080286e+00  7.516625e-02
1.056180e+00  2.323596e+00  8.335334e-02
1.145411e+00  2.519904e+00  9.120463e-02
8.713907e-01  1.917060e+00  8.877886e-02
9.524564e-01  2.095404e+00  8.404180e-02
1.117959e+00  2.459510e+00  6.832971e-02
1.011869e+00  2.226111e+00  8.475072e-02
9.585067e-01  2.108715e+00  7.194283e-02
9.486470e-01  2.087023e+00  7.825324e-02
1.020331e+00  2.244728e+00  8.488217e-02
1.104120e+00  2.429064e+00  4.187437e-02
9.430911e-01  2.074800e+00  8.196503e-02
1.187957e+00  2.613505e+00  4.709283e-02
1.046083e+00  2.301383e+00  8.955961e-02
9.423115e-01  2.073085e+00  7.764269e-02
1.104876e+00  2.430728e+00  5.281407e-02
1.117835e+00  2.459238e+00  4.692478e-02
1.056871e+00  2.325116e+00  8.346374e-02
9.467264e-01  2.082798e+00  7.544039e-02
9.159481e-01  2.015086e+00  8.881969e-02
9.403322e-01  2.068731e+00  8.447148e-02
1.188771e+00  2.615295e+00  6.456498e-02
1.179117e+00  2.594057e+00  5.642039e-02
9.460975e-01  2.081414e+00  8.228444e-02
9.365394e-01  2.060387e+00  8.418781e-02
1.115409e+00  2.453899e+00  6.785142e-02
1.013785e+00  2.230327e+00  8.472579e-02
9.600228e-01  2.112050e+00  7.202599e-02
1.144326e+00  2.517518e+00  9.209950e-02
8.652361e-01  1.903519e+00  8.898679e-02
9.536523e-01  2.098035e+00  8.493315e-02
1.012954e+00  2.228499e+00  1.464037e-01
7.874644e-01  1.732422e+00  1.002025e-01
7.835947e-01  1.723908e+00  9.944576e-02
9.765487e-01  2.148407e+00  8.245065e-02
1.158151e+00  2.547932e+00  1.186494e-01
1.194003e+00  2.626806e+00  1.229914e-01
9.760855e-01  2.147388e+00  9.905667e-02
9.706700e-01  2.135474e+00  9.846280e-02
9.826119e-01  2.161746e+00  8.825715e-02
1.206084e+00  2.653384e+00  1.167214e-01
9.725933e-01  2.139705e+00  8.181304e-02
1.159013e+00  2.549828e+00  1.184961e-01
9.751238e-01  2.145272e+00  8.121513e-02
9.876812e-01  2.172899e+00  8.866322e-02
9.658988e-01  2.124977e+00  9.373579e-02
9.752905e-01  2.145639e+00  8.147205e-02
1.158948e+00  2.549687e+00  1.176929e-01
1.193761e+00  2.626274e+00  1.224141e-01
9.726335e-01  2.139794e+00  9.805078e-02
9.780180e-01  2.151640e+00  9.863893e-02
9.898956e-01  2.177770e+00  8.821242e-02
1.206084e+00  2.653384e+00  1.159203e-01
9.792072e-01  2.154256e+00  8.210646e-02
1.158072e+00  2.547759e+00  1.178476e-01
9.716752e-01  2.137685e+00  8.057774e-02
9.848623e-01  2.166697e+00  8.781318e-02
9.728049e-01  2.140171e+00  9.388254e-02
9.878049e-01  2.173171e+00  1.115416e-01
7.402528e-01  1.628556e+00  9.304065e-02
9.751701e-01  2.145374e+00  9.681238e-02
8.132539e-01  1.789159e+00  7.859728e-02
1.091372e+00  2.401017e+00  1.284215e-01
1.114123e+00  2.451071e+00  1.220759e-01
8.262273e-01  1.817700e+00  9.413558e-02
1.123718e+00  2.472180e+00  1.278234e-01
1.115563e+00  2.454238e+00  1.216127e-01
1.122773e+00  2.470101e+00  1.274925e-01
1.063609e+00  2.339940e+00  1.095183e-01
1.073611e+00  2.361945e+00  1.285945e-01
8.254132e-01  1.815909e+00  8.457612e-02
8.217441e-01  1.807837e+00  9.050226e-02
1.075594e+00  2.366307e+00  1.286137e-01
1.136296e+00  2.499851e+00  9.250622e-02
1.041942e+00  2.292272e+00  9.654815e-02
1.125465e+00  2.476022e+00  9.357623e-02
1.174255e+00  2.583362e+00  1.012564e-01
9.706700e-01  2.135474e+00  8.058337e-02
9.904587e-01  2.179009e+00  7.662765e-02
1.122773e+00  2.470101e+00  9.096843e-02
1.009333e+00  2.220532e+00  6.334117e-02
1.114335e+00  2.451537e+00  8.851021e-02
1.173098e+00  2.580816e+00  7.517600e-02
1.172402e+00  2.579285e+00  8.724847e-02
9.936001e-01  2.185920e+00  7.690080e-02
9.896255e-01  2.177176e+00  1.102591e-01
7.706729e-01  1.695480e+00  9.026065e-02
1.105898e+00  2.432976e+00  6.026041e-02
9.768981e-01  2.149176e+00  9.553324e-02
7.433145e-01  1.635292e+00  9.257967e-02
1.013983e+00  2.230762e+00  1.207488e-01
1.106656e+00  2.434643e+00  7.951785e-02
1.089174e+00  2.396182e+00  7.266124e-02
9.939088e-01  2.186599e+00  1.201013e-01
7.604592e-01  1.673010e+00  9.298372e-02
1.137830e+00  2.503226e+00  9.149552e-02
1.042189e+00  2.292816e+00  9.527090e-02
1.126716e+00  2.478776e+00  9.228608e-02
1.176024e+00  2.587253e+00  9.995121e-02
9.780180e-01  2.151640e+00  8.000126e-02
9.977784e-01  2.195113e+00  7.613702e-02
1.123718e+00  2.472180e+00  8.974617e-02
1.016002e+00  2.235204e+00  6.292595e-02
1.115518e+00  2.454140e+00  8.734300e-02
1.174866e+00  2.584704e+00  7.427690e-02
1.174028e+00  2.582861e+00  8.616638e-02
1.000592e+00  2.201303e+00  7.638279e-02
1.061181e+00  2.334599e+00  1.091202e-01
7.102490e-01  1.562548e+00  9.670697e-02
1.010215e+00  2.222474e+00  1.247323e-01
9.458849e-01  2.080947e+00  7.808138e-02
1.020891e+00  2.245959e+00  8.514969e-02
1.105898e+00  2.432976e+00  4.202166e-02
9.460975e-01  2.081414e+00  8.228444e-02
1.187957e+00  2.613505e+00  4.709283e-02
1.045263e+00  2.299578e+00  9.004432e-02
9.384707e-01  2.064636e+00  7.767149e-02
1.106656e+00  2.434643e+00  5.319654e-02
1.119257e+00  2.462364e+00  4.718469e-02
1.056331e+00  2.323928e+00  8.383460e-02
9.437065e-01  2.076154e+00  7.543002e-02
9.199711e-01  2.023936e+00  8.926551e-02
9.365394e-01  2.060387e+00  8.418781e-02
1.188771e+00  2.615295e+00  6.456498e-02
1.179717e+00  2.595378e+00  5.637102e-02
9.430911e-01  2.074800e+00  8.196503e-02
9.403322e-01  2.068731e+00  8.447148e-02
1.116112e+00  2.455446e+00  6.848536e-02
1.012325e+00  2.227115e+00  8.521227e-02
9.565839e-01  2.104485e+00  7.215448e-02
1.145548e+00  2.520206e+00  9.187901e-02
8.694544e-01  1.912800e+00  8.925172e-02
9.503582e-01  2.090788e+00  8.446890e-02
9.504006e-01  2.090881e+00  7.793479e-02
9.449872e-01  2.078972e+00  8.157868e-02
1.187957e+00  2.613505e+00  4.679420e-02
1.020452e+00  2.244994e+00  8.437378e-02
1.106829e+00  2.435024e+00  4.173747e-02
9.179962e-01  2.019592e+00  8.834409e-02
9.424101e-01  2.073302e+00  8.403919e-02
1.188771e+00  2.615295e+00  6.408064e-02
1.179094e+00  2.594007e+00  5.602281e-02
9.386572e-01  2.065046e+00  8.376149e-02
9.479524e-01  2.085495e+00  8.189261e-02
1.045875e+00  2.300925e+00  8.898918e-02
9.443383e-01  2.077544e+00  7.732666e-02
1.107587e+00  2.436692e+00  5.262976e-02
1.120256e+00  2.464563e+00  4.678082e-02
9.485631e-01  2.086839e+00  7.517265e-02
1.056753e+00  2.324856e+00  8.298670e-02
1.144170e+00  2.517173e+00  9.142477e-02
8.672064e-01  1.907854e+00  8.852084e-02
9.557093e-01  2.102560e+00  8.450006e-02
1.117276e+00  2.458008e+00  6.769800e-02
1.013365e+00  2.229402e+00  8.426919e-02
9.619039e-01  2.116188e+00  7.181080e-02
9.896255e-01  2.177176e+00  1.102591e-01
7.433145e-01  1.635292e+00  9.257967e-02
9.768981e-01  2.149176e+00  9.553324e-02
8.094278e-01  1.780741e+00  7.896853e-02
1.091275e+00  2.400805e+00  1.290737e-01
1.115563e+00  2.454238e+00  1.216127e-01
8.262273e-01  1.817700e+00  9.413558e-02
1.122773e+00  2.470101e+00  1.274925e-01
1.114123e+00  2.451071e+00  1.220759e-01
1.123718e+00  2.472180e+00  1.278234e-01
1.061181e+00  2.334599e+00  1.091202e-01
1.075594e+00  2.366307e+00  1.286137e-01
8.254132e-01  1.815909e+00  8.457612e-02
8.203323e-01  1.804731e+00  9.065800e-02
1.073611e+00  2.361945e+00  1.285945e-01
1.137830e+00  2.503226e+00  9.149552e-02
1.042189e+00  2.292816e+00  9.527090e-02
1.126716e+00  2.478776e+00  9.228608e-02
1.176024e+00  2.587253e+00  9.995121e-02
9.780180e-01  2.151640e+00  8.000126e-02
9.977784e-01  2.195113e+00  7.613702e-02
1.123718e+00  2.472180e+00  8.974617e-02
1.016002e+00  2.235204e+00  6.292595e-02
1.115518e+00  2.454140e+00  8.734300e-02
1.174866e+00  2.584704e+00  7.427690e-02
1.174028e+00  2.582861e+00  8.616638e-02
1.000592e+00  2.201303e+00  7.638279e-02
9.878049e-01  2.173171e+00  1.115416e-01
7.659720e-01  1.685138e+00  9.088669e-02
1.106829e+00  2.435024e+00  6.109413e-02
9.751701e-01  2.145374e+00  9.681238e-02
7.402528e-01  1.628556e+00  9.304065e-02
1.012115e+00  2.226652e+00  1.219322e-01
1.107587e+00  2.436692e+00  8.036925e-02
1.090640e+00  2.399409e+00  7.353654e-02
9.920312e-01  2.182469e+00  1.213172e-01
7.567245e-01  1.664794e+00  9.348856e-02
1.136296e+00  2.499851e+00  9.250622e-02
1.041942e+00  2.292272e+00  9.654815e-02
1.125465e+00  2.476022e+00  9.357623e-02
1.174255e+00  2.583362e+00  1.012564e-01
9.706700e-01  2.135474e+00  8.058337e-02
9.904587e-01  2.179009e+00  7.662765e-02
1.122773e+00  2.470101e+00  9.096843e-02
1.009333e+00  2.220532e+00  6.334117e-02
1.114335e+00  2.451537e+00  8.851021e-02
1.173098e+00  2.580816e+00  7.517600e-02
1.172402e+00  2.579285e+00  8.724847e-02
9.936001e-01  2.185920e+00  7.690080e-02
1.063609e+00  2.339940e+00  1.095183e-01
7.082475e-01  1.558145e+00  9.700951e-02
1.008144e+00  2.217917e+00  1.255863e-01
9.504006e-01  2.090881e+00  7.793479e-02
1.020452e+00  2.244994e+00  8.437378e-02
1.106829e+00  2.435024e+00  4.173747e-02
1.045875e+00  2.300925e+00  8.898918e-02
9.443383e-01  2.077544e+00  7.732666e-02
1.107587e+00  2.436692e+00  5.262976e-02
1.120256e+00  2.464563e+00  4.678082e-02
1.056753e+00  2.324856e+00  8.298670e-02
9.485631e-01  2.086839e+00  7.517265e-02
1.117276e+00  2.458008e+00  6.769800e-02
1.013365e+00  2.229402e+00  8.426919e-02
9.619039e-01  2.116188e+00  7.181080e-02
9.458849e-01  2.080947e+00  7.808138e-02
1.020891e+00  2.245959e+00  8.514969e-02
1.105898e+00  2.432976e+00  4.202166e-02
1.045263e+00  2.299578e+00  9.004432e-02
9.384707e-01  2.064636e+00  7.767149e-02
1.106656e+00  2.434643e+00  5.319654e-02
1.119257e+00  2.462364e+00  4.718469e-02
9.437065e-01  2.076154e+00  7.543002e-02
1.056331e+00  2.323928e+00  8.383460e-02
1.116112e+00  2.455446e+00  6.848536e-02
1.012325e+00  2.227115e+00  8.521227e-02
9.565839e-01  2.104485e+00  7.215448e-02
9.880957e-01  2.173811e+00  1.101523e-01
9.785051e-01  2.152711e+00  9.602995e-02
7.433780e-01  1.635432e+00  9.270952e-02
1.138211e+00  2.504065e+00  9.214458e-02
1.039303e+00  2.286466e+00  9.560250e-02
1.124132e+00  2.473090e+00  9.249534e-02
1.176999e+00  2.589399e+00  1.005863e-01
9.760855e-01  2.147388e+00  8.024998e-02
9.957434e-01  2.190635e+00  7.643748e-02
1.120967e+00  2.466128e+00  9.002539e-02
1.014253e+00  2.231357e+00  6.304188e-02
1.113353e+00  2.449376e+00  8.755907e-02
1.175840e+00  2.586847e+00  7.465241e-02
1.174745e+00  2.584439e+00  8.669275e-02
9.987532e-01  2.197257e+00  7.661474e-02
8.104456e-01  1.782980e+00  7.887824e-02
1.088978e+00  2.395752e+00  1.286566e-01
1.112797e+00  2.448154e+00  1.214244e-01
8.262273e-01  1.817700e+00  9.414205e-02
1.125491e+00  2.476080e+00  1.278462e-01
1.116863e+00  2.457099e+00  1.222756e-01
1.120967e+00  2.466128e+00  1.274805e-01
1.064062e+00  2.340937e+00  1.094232e-01
1.072728e+00  2.360002e+00  1.282997e-01
8.254132e-01  1.815909e+00  8.457822e-02
8.205287e-01  1.805163e+00  9.064031e-02
1.076461e+00  2.368214e+00  1.289164e-01
9.893440e-01  2.176557e+00  1.116519e-01
7.659931e-01  1.685185e+00  9.079711e-02
1.104120e+00  2.429064e+00  6.091241e-02
7.401888e-01  1.628415e+00  9.291737e-02
1.014198e+00  2.231235e+00  1.220279e-01
1.104876e+00  2.430728e+00  8.008894e-02
1.087754e+00  2.393058e+00  7.331159e-02
7.567828e-01  1.664922e+00  9.342431e-02
9.937099e-01  2.186162e+00  1.214647e-01
9.735210e-01  2.141746e+00  9.631064e-02
1.060720e+00  2.333584e+00  1.092169e-01
7.082628e-01  1.558178e+00  9.697150e-02
1.010104e+00  2.222230e+00  1.257877e-01
1.135883e+00  2.498942e+00  9.185664e-02
1.044791e+00  2.298540e+00  9.621425e-02
1.128022e+00  2.481649e+00  9.336620e-02
1.173234e+00  2.581115e+00  1.006180e-01
9.726335e-01  2.139794e+00  8.034026e-02
9.925292e-01  2.183564e+00  7.633221e-02
1.125491e+00  2.476080e+00  9.068641e-02
1.011120e+00  2.224464e+00  6.322819e-02
1.116476e+00  2.456248e+00  8.829151e-02
1.172078e+00  2.578571e+00  7.479570e-02
1.171642e+00  2.577612e+00  8.671742e-02
9.954758e-01  2.190047e+00  7.667283e-02
9.486470e-01  2.087023e+00  7.825324e-02
1.020331e+00  2.244728e+00  8.488217e-02
1.104120e+00  2.429064e+00  4.187437e-02
1.046083e+00  2.301383e+00  8.955961e-02
9.423115e-01  2.073085e+00  7.764269e-02
1.104876e+00  2.430728e+00  5.281407e-02
1.117835e+00  2.459238e+00  4.692478e-02
9.467264e-01  2.082798e+00  7.544039e-02
1.056871e+00  2.325116e+00  8.346374e-02
1.115409e+00  2.453899e+00  6.785142e-02
1.013785e+00  2.230327e+00  8.472579e-02
9.600228e-01  2.112050e+00  7.202599e-02
9.476799e-01  2.084896e+00  7.776750e-02
1.020984e+00  2.246166e+00  8.463773e-02
1.108575e+00  2.438865e+00  4.188296e-02
1.045020e+00  2.299043e+00  8.946920e-02
9.405375e-01  2.069183e+00  7.735993e-02
1.109335e+00  2.440536e+00  5.300967e-02
1.121647e+00  2.467624e+00  4.703868e-02
1.056180e+00  2.323596e+00  8.335334e-02
9.455845e-01  2.080286e+00  7.516625e-02
1.117959e+00  2.459510e+00  6.832971e-02
1.011869e+00  2.226111e+00  8.475072e-02
9.585067e-01  2.108715e+00  7.194283e-02
7.767861e-01  1.708929e+00  8.968884e-02
1.010612e+00  2.223346e+00  7.949706e-02
1.032335e+00  2.271137e+00  6.891844e-02
1.136933e+00  2.501253e+00  6.618685e-02
1.091195e+00  2.400630e+00  7.019565e-02
1.175187e+00  2.585411e+00  6.581042e-02
1.206099e+00  2.653417e+00  7.076956e-02
1.174255e+00  2.583362e+00  6.702330e-02
1.175936e+00  2.587058e+00  6.593564e-02
1.173234e+00  2.581115e+00  6.699347e-02
1.147384e+00  2.524245e+00  5.573109e-02
1.152866e+00  2.536305e+00  6.651080e-02
1.204910e+00  2.650802e+00  5.858708e-02
1.191856e+00  2.622084e+00  6.507783e-02
1.153364e+00  2.537401e+00  6.656796e-02
1.010461e+00  2.223015e+00  7.990549e-02
9.703104e-01  2.134683e+00  7.224685e-02
1.155601e+00  2.542322e+00  4.090353e-02
1.031023e+00  2.268250e+00  6.899840e-02
1.056625e+00  2.324575e+00  7.272310e-02
1.156393e+00  2.544064e+00  4.495565e-02
1.161812e+00  2.555987e+00  4.314916e-02
1.032785e+00  2.272126e+00  6.916538e-02
1.020786e+00  2.245729e+00  7.396525e-02
1.147114e+00  2.523651e+00  5.573808e-02
1.015216e+00  2.233476e+00  6.838748e-02
1.048113e+00  2.305849e+00  6.783943e-02
7.719033e-01  1.698187e+00  9.025544e-02
1.009735e+00  2.221417e+00  7.933477e-02
1.032354e+00  2.271179e+00  6.859625e-02
1.136674e+00  2.500682e+00  6.558087e-02
1.095038e+00  2.409084e+00  6.986537e-02
1.177332e+00  2.590131e+00  6.554041e-02
1.206099e+00  2.653417e+00  7.026372e-02
1.176999e+00  2.589399e+00  6.677863e-02
1.178036e+00  2.591679e+00  6.566252e-02
1.176024e+00  2.587253e+00  6.675168e-02
1.148046e+00  2.525702e+00  5.569263e-02
1.154210e+00  2.539261e+00  6.635026e-02
1.204910e+00  2.650802e+00  5.844658e-02
1.191837e+00  2.622042e+00  6.476516e-02
1.154663e+00  2.540258e+00  6.640463e-02
1.009559e+00  2.221029e+00  7.974039e-02
9.702969e-01  2.134653e+00  7.207616e-02
1.158349e+00  2.548368e+00  4.095236e-02
1.031043e+00  2.268294e+00  6.867588e-02
1.057093e+00  2.325605e+00  7.249736e-02
1.159143e+00  2.550114e+00  4.490241e-02
1.163879e+00  2.560535e+00  4.317388e-02
1.020199e+00  2.244438e+00  7.383512e-02
1.032762e+00  2.272077e+00  6.899917e-02
1.147822e+00  2.525208e+00  5.570182e-02
1.015214e+00  2.233470e+00  6.822474e-02
1.047826e+00  2.305218e+00  6.773928e-02
1.009559e+00  2.221029e+00  7.974039e-02
1.031043e+00  2.268294e+00  6.867588e-02
1.137851e+00  2.503271e+00  6.548987e-02
1.096398e+00  2.412076e+00  6.986448e-02
1.178036e+00  2.591679e+00  6.566252e-02
1.206099e+00  2.653417e+00  7.026372e-02
1.176024e+00  2.587253e+00  6.675168e-02
1.177332e+00  2.590131e+00  6.554041e-02
1.176999e+00  2.589399e+00  6.677863e-02
1.147822e+00  2.525208e+00  5.570182e-02
1.154663e+00  2.540258e+00  6.640463e-02
1.204910e+00  2.650802e+00  5.844658e-02
1.192327e+00  2.623119e+00  6.473661e-02
1.154210e+00  2.539261e+00  6.635026e-02
1.009735e+00  2.221417e+00  7.933477e-02
9.724576e-01  2.139407e+00  7.191875e-02
1.159310e+00  2.550481e+00  4.079628e-02
1.032354e+00  2.271179e+00  6.859625e-02
1.056988e+00  2.325374e+00  7.224020e-02
1.160104e+00  2.552229e+00  4.481666e-02
1.164626e+00  2.562177e+00  4.305946e-02
1.020327e+00  2.244720e+00  7.354993e-02
1.034338e+00  2.275543e+00  6.889531e-02
1.148046e+00  2.525702e+00  5.569263e-02
1.016023e+00  2.235251e+00  6.817116e-02
1.047906e+00  2.305392e+00  6.756839e-02
1.010461e+00  2.223015e+00  7.990549e-02
1.031023e+00  2.268250e+00  6.899840e-02
1.138098e+00  2.503815e+00  6.609448e-02
1.092599e+00  2.403717e+00  7.019788e-02
1.175936e+00  2.587058e+00  6.593564e-02
1.206099e+00  2.653417e+00  7.076956e-02
1.173234e+00  2.581115e+00  6.699347e-02
1.175187e+00  2.585411e+00  6.581042e-02
1.174255e+00  2.583362e+00  6.702330e-02
1.147114e+00  2.523651e+00  5.573808e-02
1.153364e+00  2.537401e+00  6.656796e-02
1.204910e+00  2.650802e+00  5.858708e-02
1.192344e+00  2.623157e+00  6.504901e-02
1.152866e+00  2.536305e+00  6.651080e-02
1.010612e+00  2.223346e+00  7.949706e-02
9.724708e-01  2.139436e+00  7.208908e-02
1.156607e+00  2.544535e+00  4.074934e-02
1.032335e+00  2.271137e+00  6.891844e-02
1.056487e+00  2.324271e+00  7.246283e-02
1.157399e+00  2.546278e+00  4.487166e-02
1.162606e+00  2.557732e+00  4.303659e-02
1.034359e+00  2.275591e+00  6.906122e-02
1.020887e+00  2.245951e+00  7.367757e-02
1.147384e+00  2.524245e+00  5.573109e-02
1.016026e+00  2.235257e+00  6.833375e-02
1.048160e+00  2.305953e+00  6.766623e-02
9.517473e-01  2.093844e+00  7.321911e-02
9.540632e-01  2.098939e+00  7.304152e-02
3.343350e-01
3.350948e-01
3.338684e-01
3.343512e-01
3.351255e-01
3.341996e-01
3.338833e-01
3.353899e-01
3.348585e-01
3.345122e-01
3.338833e-01
3.348585e-01
3.353899e-01
3.341996e-01
3.345122e-01
3.351255e-01
3.338684e-01
3.343350e-01
3.350948e-01
3.343512e-01
3.712719e-01
3.849432e-01
3.940873e-01
3.713485e-01
3.848022e-01
3.736936e-01
3.966593e-01
3.873060e-01
3.874497e-01
3.736150e-01
3.966593e-01
3.874497e-01
3.873060e-01
3.736936e-01
3.736150e-01
3.848022e-01
3.940873e-01
3.712719e-01
3.849432e-01
3.713485e-01
4.588719e-01
4.466720e-01
4.396500e-01
4.586661e-01
4.469948e-01
4.577594e-01
4.382979e-01
4.454073e-01
4.457289e-01
4.575542e-01
4.382979e-01
4.457289e-01
4.454073e-01
4.577594e-01
4.575542e-01
4.469948e-01
4.396500e-01
4.588719e-01
4.466720e-01
4.586661e-01
3.389883e-01
3.390081e-01
4.057372e-01
4.061474e-01
3.391958e-01
3.391716e-01
3.649508e-01
3.565254e-01
4.354940e-01
4.157409e-01
3.551401e-01
3.485279e-01
3.562600e-01
4.167473e-01
4.367270e-01
3.661752e-01
3.573460e-01
3.492513e-01
3.906254e-01
4.519751e-01
3.960621e-01
3.767057e-01
3.721466e-01
4.631001e-01
3.956530e-01
4.628842e-01
3.899039e-01
3.716573e-01
4.511217e-01
3.764772e-01
3.390081e-01
3.389883e-01
4.057372e-01
4.061474e-01
3.391716e-01
3.391958e-01
3.546872e-01
3.480811e-01
4.152774e-01
4.346686e-01
3.643495e-01
3.558996e-01
3.667950e-01
3.579952e-01
4.375765e-01
3.567329e-01
3.497234e-01
4.172385e-01
3.946728e-01
4.615400e-01
3.892041e-01
3.709049e-01
4.503732e-01
3.754688e-01
3.913330e-01
4.527343e-01
3.970518e-01
3.777283e-01
3.729114e-01
4.644589e-01
3.567329e-01
3.497234e-01
4.172385e-01
4.375765e-01
3.667950e-01
3.579952e-01
3.643495e-01
3.558996e-01
4.346686e-01
3.546872e-01
3.480811e-01
4.152774e-01
3.970518e-01
4.644589e-01
3.729114e-01
4.527343e-01
3.913330e-01
3.777283e-01
3.892041e-01
3.946728e-01
3.754688e-01
3.709049e-01
4.503732e-01
4.615400e-01
3.661752e-01
3.573460e-01
4.367270e-01
4.167473e-01
3.562600e-01
3.492513e-01
3.551401e-01
4.157409e-01
4.354940e-01
3.649508e-01
3.565254e-01
3.485279e-01
3.899039e-01
3.956530e-01
3.764772e-01
3.716573e-01
4.511217e-01
4.628842e-01
3.960621e-01
4.631001e-01
3.721466e-01
4.519751e-01
3.906254e-01
3.767057e-01
3.397713e-01
3.393270e-01
4.040168e-01
3.397569e-01
3.393157e-01
4.040203e-01
4.447577e-01
5.442725e-01
4.564853e-01
4.460231e-01
4.346609e-01
5.186495e-01
4.557679e-01
5.436128e-01
4.339659e-01
5.176383e-01
4.438807e-01
4.454857e-01
3.393157e-01
3.397569e-01
3.397713e-01
4.040203e-01
4.040168e-01
3.393270e-01
4.582269e-01
4.481575e-01
5.465552e-01
4.368351e-01
5.210472e-01
4.465629e-01
4.456810e-01
4.575061e-01
4.476167e-01
4.361347e-01
5.200288e-01
5.458922e-01
4.575061e-01
4.476167e-01
5.458922e-01
4.361347e-01
5.200288e-01
4.456810e-01
4.465629e-01
4.582269e-01
4.481575e-01
4.368351e-01
5.210472e-01
5.465552e-01
4.438807e-01
5.436128e-01
4.557679e-01
4.454857e-01
4.339659e-01
5.176383e-01
4.564853e-01
5.442725e-01
4.346609e-01
5.186495e-01
4.447577e-01
4.460231e-01
4.933917e-01
4.933511e-01
5.881975e-01
4.931733e-01
4.935696e-01
5.886823e-01
4.935696e-01
4.931733e-01
4.933917e-01
5.886823e-01
5.881975e-01
4.933511e-01
3.383237e-01
3.354636e-01
3.539006e-01
3.540506e-01
3.384400e-01
3.355304e-01
3.484436e-01
3.398308e-01
3.616995e-01
3.537574e-01
3.425153e-01
3.361854e-01
3.428971e-01
3.539315e-01
3.619953e-01
3.489077e-01
3.400211e-01
3.363162e-01
3.555820e-01
3.617482e-01
3.590530e-01
3.433654e-01
3.411847e-01
3.664741e-01
3.589730e-01
3.665269e-01
3.553034e-01
3.410715e-01
3.615293e-01
3.433785e-01
3.382643e-01
3.353656e-01
3.537450e-01
3.542243e-01
3.385120e-01
3.356483e-01
3.421530e-01
3.359830e-01
3.535578e-01
3.611011e-01
3.478729e-01
3.393950e-01
3.495054e-01
3.404856e-01
3.626225e-01
3.432886e-01
3.365493e-01
3.541635e-01
3.580725e-01
3.656616e-01
3.546271e-01
3.406086e-01
3.610167e-01
3.427328e-01
3.562758e-01
3.622814e-01
3.599730e-01
3.440357e-01
3.416698e-01
3.673639e-01
3.432886e-01
3.365493e-01
3.541635e-01
3.626225e-01
3.495054e-01
3.404856e-01
3.478729e-01
3.393950e-01
3.611011e-01
3.421530e-01
3.359830e-01
3.535578e-01
3.599730e-01
3.673639e-01
3.622814e-01
3.562758e-01
3.416698e-01
3.440357e-01
3.546271e-01
3.406086e-01
3.610167e-01
3.580725e-01
3.427328e-01
3.656616e-01
3.489077e-01
3.400211e-01
3.619953e-01
3.539315e-01
3.428971e-01
3.363162e-01
3.425153e-01
3.537574e-01
3.616995e-01
3.484436e-01
3.398308e-01
3.361854e-01
3.553034e-01
3.410715e-01
3.615293e-01
3.589730e-01
3.433785e-01
3.665269e-01
3.590530e-01
3.664741e-01
3.617482e-01
3.555820e-01
3.411847e-01
3.433654e-01
3.452742e-01
3.551205e-01
3.681370e-01
3.682268e-01
3.453103e-01
3.551786e-01
4.207926e-01
4.022542e-01
4.251192e-01
4.435598e-01
4.316237e-01
4.123530e-01
4.312745e-01
4.433797e-01
4.246719e-01
4.202894e-01
4.019414e-01
4.121885e-01
3.465771e-01
3.570912e-01
3.700094e-01
3.699149e-01
3.465382e-01
3.570306e-01
4.340447e-01
4.149172e-01
4.462022e-01
4.277421e-01
4.232246e-01
4.047946e-01
4.227161e-01
4.044774e-01
4.272889e-01
4.336924e-01
4.147508e-01
4.460203e-01
4.336924e-01
4.147508e-01
4.460203e-01
4.272889e-01
4.227161e-01
4.044774e-01
4.232246e-01
4.047946e-01
4.277421e-01
4.340447e-01
4.149172e-01
4.462022e-01
4.202894e-01
4.019414e-01
4.246719e-01
4.433797e-01
4.312745e-01
4.121885e-01
4.316237e-01
4.435598e-01
4.251192e-01
4.207926e-01
4.022542e-01
4.123530e-01
4.877529e-01
4.741407e-01
5.025279e-01
5.021474e-01
4.875363e-01
4.739283e-01
4.872285e-01
4.733017e-01
5.017636e-01
5.013837e-01
4.870122e-01
4.730897e-01
3.353656e-01
3.382643e-01
3.542243e-01
3.385120e-01
3.356483e-01
3.537450e-01
3.562916e-01
4.478923e-01
4.311180e-01
4.152920e-01
3.448522e-01
3.605287e-01
4.307181e-01
4.476997e-01
3.446836e-01
3.558645e-01
3.602028e-01
4.151581e-01
4.320769e-01
4.161064e-01
4.490221e-01
3.453312e-01
3.609766e-01
3.568779e-01
3.573164e-01
4.324860e-01
4.162458e-01
3.613162e-01
3.455086e-01
4.492200e-01
3.784633e-01
3.730373e-01
3.781933e-01
3.616893e-01
3.658630e-01
3.997997e-01
3.710367e-01
4.825862e-01
4.556073e-01
4.461314e-01
3.640787e-01
3.749468e-01
4.905530e-01
5.007446e-01
3.868719e-01
4.109787e-01
4.133036e-01
4.617893e-01
4.059855e-01
4.056299e-01
4.257308e-01
3.399007e-01
3.515799e-01
3.401572e-01
3.427551e-01
4.056621e-01
4.097701e-01
3.618376e-01
3.482176e-01
4.270747e-01
3.677808e-01
3.632223e-01
3.799992e-01
4.017909e-01
3.746757e-01
3.804832e-01
4.061875e-01
3.435860e-01
3.492853e-01
4.106419e-01
4.275781e-01
3.630957e-01
4.559880e-01
4.470119e-01
4.833580e-01
3.646629e-01
3.752955e-01
3.712573e-01
4.125195e-01
4.920489e-01
4.632438e-01
4.150587e-01
3.883365e-01
5.021207e-01
4.243590e-01
4.092080e-01
4.370112e-01
4.485028e-01
4.309966e-01
4.153296e-01
4.554789e-01
3.937273e-01
3.934850e-01
4.552179e-01
4.714719e-01
4.173751e-01
4.314524e-01
4.453679e-01
4.844290e-01
5.134854e-01
5.035073e-01
4.147680e-01
4.302176e-01
4.147297e-01
4.478964e-01
4.357395e-01
4.231950e-01
4.082546e-01
5.043039e-01
4.318864e-01
4.147430e-01
4.846759e-01
5.141783e-01
4.453990e-01
3.919973e-01
4.157938e-01
4.537929e-01
4.697706e-01
4.535355e-01
3.922369e-01
3.354636e-01
3.383237e-01
3.540506e-01
3.384400e-01
3.539006e-01
3.355304e-01
3.558645e-01
4.476997e-01
4.307181e-01
4.151581e-01
3.446836e-01
3.602028e-01
4.311180e-01
4.478923e-01
3.448522e-01
3.562916e-01
3.605287e-01
4.152920e-01
4.324860e-01
4.162458e-01
4.492200e-01
3.455086e-01
3.613162e-01
3.573164e-01
3.568779e-01
4.320769e-01
4.161064e-01
3.609766e-01
3.453312e-01
4.490221e-01
3.656096e-01
3.613041e-01
3.993362e-01
3.725337e-01
3.779073e-01
3.781197e-01
3.403340e-01
4.257467e-01
4.061707e-01
4.054762e-01
3.397526e-01
3.515957e-01
4.055886e-01
4.269668e-01
3.479676e-01
3.426590e-01
3.616505e-01
4.095335e-01
4.542532e-01
4.450293e-01
4.812603e-01
3.632250e-01
3.740209e-01
3.699731e-01
4.102347e-01
4.895009e-01
4.607945e-01
4.126288e-01
3.861555e-01
4.995674e-01
3.808345e-01
3.751925e-01
3.802955e-01
3.680419e-01
3.636214e-01
4.022642e-01
3.723397e-01
4.847042e-01
4.573615e-01
4.481366e-01
3.655386e-01
3.762446e-01
4.931125e-01
5.033135e-01
3.890661e-01
4.132722e-01
4.157438e-01
4.642559e-01
3.436929e-01
3.632952e-01
4.109021e-01
4.277093e-01
4.062773e-01
3.495518e-01
4.296103e-01
4.138916e-01
4.470509e-01
4.354407e-01
4.228998e-01
4.077153e-01
5.021955e-01
4.303092e-01
4.134457e-01
4.829240e-01
5.120333e-01
4.440495e-01
3.922369e-01
4.157938e-01
4.535355e-01
4.697706e-01
4.537929e-01
3.919973e-01
4.246559e-01
4.097516e-01
4.373120e-01
4.493528e-01
4.316069e-01
4.161734e-01
4.552179e-01
3.934850e-01
3.937273e-01
4.554789e-01
4.714719e-01
4.173751e-01
4.330363e-01
4.467241e-01
4.861935e-01
5.156438e-01
5.056258e-01
4.160737e-01
3.680419e-01
3.636214e-01
4.022642e-01
3.751925e-01
3.802955e-01
3.808345e-01
3.397526e-01
4.257467e-01
4.054762e-01
4.061707e-01
3.403340e-01
3.515957e-01
4.062773e-01
4.277093e-01
3.495518e-01
3.436929e-01
3.632952e-01
4.109021e-01
4.573615e-01
4.481366e-01
4.847042e-01
3.655386e-01
3.762446e-01
3.723397e-01
4.132722e-01
4.931125e-01
4.642559e-01
4.157438e-01
3.890661e-01
5.033135e-01
3.781197e-01
3.725337e-01
3.779073e-01
3.656096e-01
3.613041e-01
3.993362e-01
3.699731e-01
4.812603e-01
4.542532e-01
4.450293e-01
3.632250e-01
3.740209e-01
4.895009e-01
4.995674e-01
3.861555e-01
4.102347e-01
4.126288e-01
4.607945e-01
3.426590e-01
3.616505e-01
4.095335e-01
4.269668e-01
4.055886e-01
3.479676e-01
4.316069e-01
4.161734e-01
4.493528e-01
4.097516e-01
4.246559e-01
4.373120e-01
5.056258e-01
4.330363e-01
4.160737e-01
4.861935e-01
5.156438e-01
4.467241e-01
4.228998e-01
4.470509e-01
4.296103e-01
4.138916e-01
4.354407e-01
4.077153e-01
4.303092e-01
4.440495e-01
4.829240e-01
5.120333e-01
5.021955e-01
4.134457e-01
3.804832e-01
3.746757e-01
3.799992e-01
3.632223e-01
3.677808e-01
4.017909e-01
3.712573e-01
4.833580e-01
4.559880e-01
4.470119e-01
3.646629e-01
3.752955e-01
4.920489e-01
5.021207e-01
3.883365e-01
4.125195e-01
4.150587e-01
4.632438e-01
4.056299e-01
4.059855e-01
4.257308e-01
3.401572e-01
3.515799e-01
3.399007e-01
3.435860e-01
4.061875e-01
4.106419e-01
3.630957e-01
3.492853e-01
4.275781e-01
3.658630e-01
3.616893e-01
3.781933e-01
3.997997e-01
3.730373e-01
3.784633e-01
4.056621e-01
3.427551e-01
3.482176e-01
4.097701e-01
4.270747e-01
3.618376e-01
4.556073e-01
4.461314e-01
4.825862e-01
3.640787e-01
3.749468e-01
3.710367e-01
4.109787e-01
4.905530e-01
4.617893e-01
4.133036e-01
3.868719e-01
5.007446e-01
4.231950e-01
4.478964e-01
4.302176e-01
4.147297e-01
4.357395e-01
4.082546e-01
4.318864e-01
4.453990e-01
4.846759e-01
5.141783e-01
5.043039e-01
4.147430e-01
4.309966e-01
4.153296e-01
4.485028e-01
4.092080e-01
4.243590e-01
4.370112e-01
5.035073e-01
4.314524e-01
4.147680e-01
4.844290e-01
5.134854e-01
4.453679e-01
3.570912e-01
3.465382e-01
3.570306e-01
3.699149e-01
3.700094e-01
3.465771e-01
4.493519e-01
4.888522e-01
4.623951e-01
4.613820e-01
4.675089e-01
4.504467e-01
5.503736e-01
5.505985e-01
5.870494e-01
4.510555e-01
4.608184e-01
4.508721e-01
4.871130e-01
5.809390e-01
5.659643e-01
4.989323e-01
4.745490e-01
6.034450e-01
4.603733e-01
4.615161e-01
4.879040e-01
4.494082e-01
4.481860e-01
4.662799e-01
5.806918e-01
4.867300e-01
4.739814e-01
5.654917e-01
6.031882e-01
4.983176e-01
3.551205e-01
3.453103e-01
3.681370e-01
3.452742e-01
3.551786e-01
3.682268e-01
4.621269e-01
4.636651e-01
4.518003e-01
4.897933e-01
4.501979e-01
4.686187e-01
4.530886e-01
5.893815e-01
5.527503e-01
5.529763e-01
4.532731e-01
4.632611e-01
5.821043e-01
6.051304e-01
4.758607e-01
4.879043e-01
4.998996e-01
5.677444e-01
4.490292e-01
4.888431e-01
4.611164e-01
4.627833e-01
4.673859e-01
4.507578e-01
4.875207e-01
4.992838e-01
5.672703e-01
6.048729e-01
5.818566e-01
4.752916e-01
4.611164e-01
4.627833e-01
4.507578e-01
4.888431e-01
4.490292e-01
4.673859e-01
4.532731e-01
5.893815e-01
5.529763e-01
5.527503e-01
4.530886e-01
4.632611e-01
5.818566e-01
6.048729e-01
4.752916e-01
4.875207e-01
4.992838e-01
5.672703e-01
4.501979e-01
4.897933e-01
4.621269e-01
4.636651e-01
4.686187e-01
4.518003e-01
4.879043e-01
4.998996e-01
5.677444e-01
6.051304e-01
5.821043e-01
4.758607e-01
4.481860e-01
4.879040e-01
4.615161e-01
4.603733e-01
4.662799e-01
4.494082e-01
5.505985e-01
5.503736e-01
5.870494e-01
4.508721e-01
4.608184e-01
4.510555e-01
4.867300e-01
5.806918e-01
5.654917e-01
4.983176e-01
4.739814e-01
6.031882e-01
4.613820e-01
4.623951e-01
4.888522e-01
4.504467e-01
4.493519e-01
4.675089e-01
5.809390e-01
4.871130e-01
4.745490e-01
5.659643e-01
6.034450e-01
4.989323e-01
4.733017e-01
4.870122e-01
4.730897e-01
5.013837e-01
5.017636e-01
4.872285e-01
4.741407e-01
4.875363e-01
5.025279e-01
4.877529e-01
4.739283e-01
5.021474e-01
3.395299e-01
3.395836e-01
3.415939e-01
3.382710e-01
3.416608e-01
3.393182e-01
3.398193e-01
3.382866e-01
3.412025e-01
3.420803e-01
3.382866e-01
3.420803e-01
3.412025e-01
3.398193e-01
3.393182e-01
3.416608e-01
3.382710e-01
3.415939e-01
3.395299e-01
3.395836e-01
3.699698e-01
3.700875e-01
3.920777e-01
4.077570e-01
3.918404e-01
3.723380e-01
3.722167e-01
4.103775e-01
3.946128e-01
3.943711e-01
4.103775e-01
3.943711e-01
3.946128e-01
3.918404e-01
4.077570e-01
3.920777e-01
4.693695e-01
4.690248e-01
4.683297e-01
4.679858e-01
3.433083e-01
3.437054e-01
3.433867e-01
4.161854e-01
4.169606e-01
3.436175e-01
3.783085e-01
3.598660e-01
3.584035e-01
4.526761e-01
4.151021e-01
3.468319e-01
3.611909e-01
3.798155e-01
4.158848e-01
4.539017e-01
3.590171e-01
4.043208e-01
4.143875e-01
4.522296e-01
4.735532e-01
4.139840e-01
4.033374e-01
4.736749e-01
4.511323e-01
3.433867e-01
3.436175e-01
3.433083e-01
4.161854e-01
4.169606e-01
3.437054e-01
3.594872e-01
3.777073e-01
3.464921e-01
4.147982e-01
4.516831e-01
3.577265e-01
3.804317e-01
3.615864e-01
3.597195e-01
4.549166e-01
4.162171e-01
4.129644e-01
4.028184e-01
4.720364e-01
4.506350e-01
4.048447e-01
4.154147e-01
4.527350e-01
4.752073e-01
3.615864e-01
3.804317e-01
3.476610e-01
4.162171e-01
4.549166e-01
3.597195e-01
3.777073e-01
3.594872e-01
3.577265e-01
4.516831e-01
4.147982e-01
4.154147e-01
4.048447e-01
4.752073e-01
4.028184e-01
4.129644e-01
4.720364e-01
3.798155e-01
3.611909e-01
3.590171e-01
4.539017e-01
4.158848e-01
3.472925e-01
3.598660e-01
3.783085e-01
4.151021e-01
4.526761e-01
3.584035e-01
4.033374e-01
4.139840e-01
4.736749e-01
4.143875e-01
4.043208e-01
4.735532e-01
3.471118e-01
3.470612e-01
4.493429e-01
4.697020e-01
5.612515e-01
4.462765e-01
4.689368e-01
4.483043e-01
5.607776e-01
3.460987e-01
3.461442e-01
4.711459e-01
4.509172e-01
4.486057e-01
5.634533e-01
4.498735e-01
4.703781e-01
5.629773e-01
4.703781e-01
4.498735e-01
4.482353e-01
5.629773e-01
4.509172e-01
4.711459e-01
5.634533e-01
4.483043e-01
4.689368e-01
5.607776e-01
4.459088e-01
4.697020e-01
4.493429e-01
5.612515e-01
4.954152e-01
4.950424e-01
4.958094e-01
4.954364e-01
3.626089e-01
3.629238e-01
3.729900e-01
3.562170e-01
3.472925e-01
3.732522e-01
3.644268e-01
3.711446e-01
3.710984e-01
3.639967e-01
3.622696e-01
3.632801e-01
3.562334e-01
3.721612e-01
3.476610e-01
3.741067e-01
3.700423e-01
3.633474e-01
3.650907e-01
3.722188e-01
3.562334e-01
3.741067e-01
3.464921e-01
3.721612e-01
3.722188e-01
3.650907e-01
3.632801e-01
3.633474e-01
3.700423e-01
3.622696e-01
3.732522e-01
3.562170e-01
3.468319e-01
3.729900e-01
3.639967e-01
3.710984e-01
3.626089e-01
3.711446e-01
3.644268e-01
3.629238e-01
3.460987e-01
3.461442e-01
3.715904e-01
3.717831e-01
4.273226e-01
4.177781e-01
4.572756e-01
4.459088e-01
4.266884e-01
4.172086e-01
3.471118e-01
3.470612e-01
3.735460e-01
3.733434e-01
4.296905e-01
4.598771e-01
4.203301e-01
4.290501e-01
4.482353e-01
4.197515e-01
4.290501e-01
4.598771e-01
4.197515e-01
4.296905e-01
4.486057e-01
4.203301e-01
4.266884e-01
4.172086e-01
4.572756e-01
4.462765e-01
4.273226e-01
4.177781e-01
4.958094e-01
4.954364e-01
5.045659e-01
5.037477e-01
4.954152e-01
4.950424e-01
5.038065e-01
5.029895e-01
4.607622e-01
4.506350e-01
4.622579e-01
4.527350e-01
5.058435e-01
5.120451e-01
4.314908e-01
4.094762e-01
3.722167e-01
3.733434e-01
5.068158e-01
5.133075e-01
4.376905e-01
4.491310e-01
4.332512e-01
4.579203e-01
4.483644e-01
4.362586e-01
4.577355e-01
4.316410e-01
4.607622e-01
4.511323e-01
4.622579e-01
4.522296e-01
4.315043e-01
4.094828e-01
5.044886e-01
5.108992e-01
3.723380e-01
3.735460e-01
5.081874e-01
5.144629e-01
4.478366e-01
4.362586e-01
4.565629e-01
4.316410e-01
4.376905e-01
4.496609e-01
4.332512e-01
4.590982e-01
4.315043e-01
4.094828e-01
5.081874e-01
5.144629e-01
3.699698e-01
3.715904e-01
5.044886e-01
5.108992e-01
4.496609e-01
4.590982e-01
4.478366e-01
4.565629e-01
5.068158e-01
5.133075e-01
4.314908e-01
4.094762e-01
3.700875e-01
3.717831e-01
5.058435e-01
5.120451e-01
4.483644e-01
4.577355e-01
4.491310e-01
4.579203e-01
6.072582e-01
5.923460e-01
4.679858e-01
5.029895e-01
6.092025e-01
5.932793e-01
4.683297e-01
5.038065e-01
6.092025e-01
5.932793e-01
4.693695e-01
5.045659e-01
6.072582e-01
5.923460e-01
4.690248e-01
5.037477e-01
avg_bond_length = 0.996586
