7.463163e+02 5.330397e+02
7.046562e-01  1.550244e+00  9.213314e-02
9.270286e-01  2.039463e+00  1.384600e-01
6.997445e-01  1.539438e+00  1.064698e-01
9.800904e-01  2.156199e+00  1.405162e-01
1.081113e+00  2.378449e+00  1.602839e-01
1.101356e+00  2.422984e+00  -7.429678e-02
1.084604e+00  2.386129e+00  -3.753394e-02
1.118846e+00  2.461461e+00  -1.439057e-01
1.116185e+00  2.455606e+00  -1.469748e-01
1.092001e+00  2.402402e+00  -8.155470e-02
1.118846e+00  2.461461e+00  -1.439057e-01
1.084604e+00  2.386129e+00  -3.753394e-02
1.092001e+00  2.402402e+00  -8.155470e-02
1.116185e+00  2.455606e+00  -1.469748e-01
6.997445e-01  1.539438e+00  1.064698e-01
9.270286e-01  2.039463e+00  1.384600e-01
1.081113e+00  2.378449e+00  1.602839e-01
9.800904e-01  2.156199e+00  1.405162e-01
9.641509e-01  2.121132e+00  1.478956e-01
7.094542e-01  1.560799e+00  9.105241e-02
1.080356e+00  2.376782e+00  1.902021e-01
1.078335e+00  2.372336e+00  3.188308e-01
1.038824e+00  2.285412e+00  2.479787e-01
8.986065e-01  1.976934e+00  1.172799e-01
8.986065e-01  1.976934e+00  1.172799e-01
1.038824e+00  2.285412e+00  2.479787e-01
1.080356e+00  2.376782e+00  1.902021e-01
7.094542e-01  1.560799e+00  9.105241e-02
9.469869e-01  2.083371e+00  1.721689e-01
8.362786e-01  1.839813e+00  1.367616e-01
8.820499e-01  1.940510e+00  -4.558704e-02
9.781703e-01  2.151975e+00  3.098346e-02
1.224476e+00  2.693848e+00  2.987743e-01
1.207303e+00  2.656066e+00  2.770790e-01
1.073019e+00  2.360643e+00  3.283177e-02
9.077680e-01  1.997090e+00  1.447725e-01
6.890700e-01  1.515954e+00  8.375393e-02
1.188285e+00  2.614227e+00  1.424567e-01
1.191676e+00  2.621687e+00  1.376678e-01
7.148245e-01  1.572614e+00  8.211464e-02
7.233700e-01  1.591414e+00  9.916750e-02
9.604545e-01  2.113000e+00  9.689087e-02
9.285408e-01  2.042790e+00  1.032223e-01
1.214758e+00  2.672467e+00  1.283246e-01
1.049357e+00  2.308586e+00  2.399098e-01
8.126638e-01  1.787860e+00  1.926777e-03
1.068337e+00  2.350342e+00  1.215771e-01
1.075553e+00  2.366216e+00  1.570871e-01
8.226689e-01  1.809872e+00  9.151772e-02
9.668483e-01  2.127066e+00  9.542554e-02
7.867009e-01  1.730742e+00  -4.226001e-03
1.224476e+00  2.693848e+00  2.987743e-01
9.781703e-01  2.151975e+00  3.098346e-02
1.073019e+00  2.360643e+00  3.283177e-02
1.207303e+00  2.656066e+00  2.770790e-01
8.993773e-01  1.978630e+00  -2.080941e-02
1.139905e+00  2.507791e+00  -5.149598e-02
1.224071e+00  2.692957e+00  2.192023e-01
1.225733e+00  2.696612e+00  2.313089e-01
1.000242e+00  2.200532e+00  -5.139683e-02
1.120848e+00  2.465865e+00  -1.350234e-01
1.249541e+00  2.748990e+00  -9.596867e-02
1.236082e+00  2.719381e+00  -3.870396e-02
1.264362e+00  2.781595e+00  -1.093688e-01
7.072340e-01  1.555915e+00  9.171408e-03
1.142680e+00  2.513897e+00  2.107851e-01
1.067629e+00  2.348783e+00  1.374298e-01
1.061081e+00  2.334377e+00  -7.462030e-02
1.187144e+00  2.611717e+00  -1.108434e-01
1.227255e+00  2.699961e+00  6.077617e-02
1.120848e+00  2.465865e+00  -1.350234e-01
1.227747e+00  2.701042e+00  -2.507089e-02
1.264362e+00  2.781595e+00  -1.093688e-01
1.249541e+00  2.748990e+00  -9.596867e-02
1.236082e+00  2.719381e+00  -3.870396e-02
8.993773e-01  1.978630e+00  -2.080941e-02
1.225733e+00  2.696612e+00  2.313089e-01
1.000242e+00  2.200532e+00  -5.139683e-02
1.224071e+00  2.692957e+00  2.192023e-01
1.061081e+00  2.334377e+00  -7.462030e-02
1.227255e+00  2.699961e+00  6.077617e-02
7.072340e-01  1.555915e+00  9.171408e-03
1.142680e+00  2.513897e+00  2.107851e-01
7.233700e-01  1.591414e+00  9.916750e-02
9.285408e-01  2.042790e+00  1.032223e-01
1.214758e+00  2.672467e+00  1.283246e-01
1.208717e+00  2.659176e+00  1.283435e-01
9.604545e-01  2.113000e+00  9.689087e-02
9.077680e-01  1.997090e+00  1.447725e-01
7.148245e-01  1.572614e+00  8.211464e-02
6.890700e-01  1.515954e+00  8.375393e-02
1.188285e+00  2.614227e+00  1.424567e-01
1.075553e+00  2.366216e+00  1.570871e-01
8.226689e-01  1.809872e+00  9.151772e-02
1.049357e+00  2.308586e+00  2.399098e-01
1.068337e+00  2.350342e+00  1.215771e-01
1.058462e+00  2.328617e+00  3.003654e-01
6.596880e-01  1.451314e+00  1.029570e-01
9.688761e-01  2.131527e+00  1.164722e-01
1.194427e+00  2.627739e+00  1.366475e-01
1.055712e+00  2.322566e+00  1.561231e-01
7.856431e-01  1.728415e+00  8.039837e-02
1.036058e+00  2.279329e+00  2.588088e-01
1.072041e+00  2.358490e+00  2.795204e-01
1.004979e+00  2.210953e+00  2.832031e-02
9.248085e-01  2.034579e+00  -3.295193e-02
7.885946e-01  1.734908e+00  1.143599e-01
1.227060e+00  2.699532e+00  1.337426e-01
7.885946e-01  1.734908e+00  1.143599e-01
8.748579e-01  1.924687e+00  7.847914e-02
1.227060e+00  2.699532e+00  1.337426e-01
1.072041e+00  2.358490e+00  2.795204e-01
9.248085e-01  2.034579e+00  -3.295193e-02
1.055712e+00  2.322566e+00  1.561231e-01
1.015159e+00  2.233350e+00  1.043642e-01
7.856431e-01  1.728415e+00  8.039837e-02
6.596880e-01  1.451314e+00  1.029570e-01
1.194427e+00  2.627739e+00  1.366475e-01
8.523268e-01  1.875119e+00  1.281972e-01
8.756865e-01  1.926510e+00  1.235488e-01
7.419856e-01  1.632368e+00  3.973857e-02
9.856869e-01  2.168511e+00  5.948137e-02
1.118753e+00  2.461256e+00  2.482481e-01
1.214493e+00  2.671884e+00  1.535823e-01
9.951014e-01  2.189223e+00  1.449958e-01
9.009895e-01  1.982177e+00  1.498931e-01
7.300826e-01  1.606182e+00  5.987006e-02
1.037303e+00  2.282066e+00  1.515318e-01
1.232831e+00  2.712229e+00  1.049918e-01
6.858273e-01  1.508820e+00  1.070214e-01
6.660269e-01  1.465259e+00  1.117618e-01
9.312159e-01  2.048675e+00  1.453497e-01
9.229933e-01  2.030585e+00  7.947323e-02
1.118716e+00  2.461175e+00  1.741042e-01
1.014625e+00  2.232174e+00  1.677176e-01
7.185824e-01  1.580881e+00  5.393826e-02
9.564672e-01  2.104228e+00  1.301314e-01
1.080400e+00  2.376879e+00  1.587368e-01
7.168344e-01  1.577036e+00  1.000803e-01
7.770526e-01  1.709516e+00  9.558784e-02
9.968299e-01  2.193026e+00  -6.503896e-02
1.259823e+00  2.771611e+00  1.285761e-01
1.042889e+00  2.294355e+00  -7.033514e-02
1.263594e+00  2.779906e+00  -8.252850e-02
1.118999e+00  2.461799e+00  1.164594e-01
1.072917e+00  2.360417e+00  -4.077244e-02
1.311018e+00  2.884240e+00  -1.204834e-01
1.121781e+00  2.467919e+00  2.574198e-02
1.260197e+00  2.772434e+00  5.508720e-02
1.091356e+00  2.400983e+00  -1.289598e-01
1.085228e+00  2.387502e+00  -1.577582e-01
1.260162e+00  2.772355e+00  -1.031678e-01
1.120530e+00  2.465165e+00  -1.729038e-01
1.148776e+00  2.527307e+00  -1.590915e-01
8.967592e-01  1.972870e+00  -1.017177e-01
1.104881e+00  2.430738e+00  1.318402e-01
1.068346e+00  2.350361e+00  5.592961e-02
1.095205e+00  2.409450e+00  -8.250301e-02
1.168746e+00  2.571241e+00  -1.511251e-01
1.133705e+00  2.494151e+00  -1.176839e-01
1.085228e+00  2.387502e+00  -1.577582e-01
1.295758e+00  2.850669e+00  -1.109958e-01
1.148776e+00  2.527307e+00  -1.590915e-01
1.260162e+00  2.772355e+00  -1.031678e-01
1.120530e+00  2.465165e+00  -1.729038e-01
1.072917e+00  2.360417e+00  -4.077244e-02
1.260197e+00  2.772434e+00  5.508720e-02
1.091356e+00  2.400983e+00  -1.289598e-01
1.121781e+00  2.467919e+00  2.574198e-02
1.095205e+00  2.409450e+00  -8.250301e-02
1.133705e+00  2.494151e+00  -1.176839e-01
1.292369e+00  2.843212e+00  -6.502258e-02
1.168746e+00  2.571241e+00  -1.511251e-01
8.967592e-01  1.972870e+00  -1.017177e-01
1.249225e+00  2.748294e+00  1.178389e-01
1.068346e+00  2.350361e+00  5.592961e-02
1.104881e+00  2.430738e+00  1.318402e-01
6.660269e-01  1.465259e+00  1.117618e-01
9.229933e-01  2.030585e+00  7.947323e-02
1.118716e+00  2.461175e+00  1.741042e-01
1.230447e+00  2.706984e+00  1.071986e-01
9.312159e-01  2.048675e+00  1.453497e-01
9.009895e-01  1.982177e+00  1.498931e-01
6.858273e-01  1.508820e+00  1.070214e-01
7.300826e-01  1.606182e+00  5.987006e-02
1.037303e+00  2.282066e+00  1.515318e-01
1.080400e+00  2.376879e+00  1.587368e-01
9.539078e-01  2.098597e+00  6.503976e-02
7.770526e-01  1.709516e+00  9.558784e-02
7.168344e-01  1.577036e+00  1.000803e-01
1.014625e+00  2.232174e+00  1.677176e-01
9.564672e-01  2.104228e+00  1.301314e-01
1.191825e+00  2.622015e+00  1.197439e-01
7.185824e-01  1.580881e+00  5.393826e-02
1.010819e+00  2.223802e+00  2.162514e-01
1.207188e+00  2.655813e+00  1.886648e-01
7.398452e-01  1.627659e+00  -2.220596e-03
8.041888e-01  1.769215e+00  1.661135e-02
9.702811e-01  2.134618e+00  1.621027e-01
6.419442e-01  1.412277e+00  1.058223e-01
1.214921e+00  2.672827e+00  9.516914e-02
9.674174e-01  2.128318e+00  1.444832e-01
9.899263e-01  2.177838e+00  7.692454e-02
1.113568e+00  2.449850e+00  1.601533e-01
1.071309e+00  2.356881e+00  1.755335e-01
7.129055e-01  1.568392e+00  8.716270e-02
9.170865e-01  2.017590e+00  4.444378e-02
8.369085e-01  1.841199e+00  9.991041e-02
1.074267e+00  2.363388e+00  3.207263e-01
1.033356e+00  2.273384e+00  -2.327169e-02
8.987762e-01  1.977308e+00  2.634046e-02
1.015160e+00  2.233353e+00  3.878897e-02
7.707413e-01  1.695631e+00  1.315613e-02
1.078296e+00  2.372252e+00  2.835926e-01
9.381506e-01  2.063931e+00  -4.875294e-02
8.819868e-01  1.940371e+00  5.081838e-02
1.160064e+00  2.552141e+00  6.971158e-02
9.165826e-01  2.016482e+00  -7.647764e-02
8.397111e-01  1.847364e+00  1.071357e-01
1.257962e+00  2.767517e+00  1.828723e-01
8.360509e-01  1.839312e+00  8.266540e-02
1.103015e+00  2.426633e+00  2.499924e-01
8.397111e-01  1.847364e+00  1.071357e-01
8.720239e-01  1.918452e+00  -4.473029e-03
1.103015e+00  2.426633e+00  2.499924e-01
1.257962e+00  2.767517e+00  1.828723e-01
8.360509e-01  1.839312e+00  8.266540e-02
1.078296e+00  2.372252e+00  2.835926e-01
1.160064e+00  2.552141e+00  6.971158e-02
9.165826e-01  2.016482e+00  -7.647764e-02
8.819868e-01  1.940371e+00  5.081838e-02
1.071309e+00  2.356881e+00  1.755335e-01
9.170865e-01  2.017590e+00  4.444378e-02
8.369085e-01  1.841199e+00  9.991041e-02
1.022576e+00  2.249667e+00  7.337956e-02
7.129055e-01  1.568392e+00  8.716270e-02
6.419442e-01  1.412277e+00  1.058223e-01
1.113568e+00  2.449850e+00  1.601533e-01
1.214921e+00  2.672827e+00  9.516914e-02
9.674174e-01  2.128318e+00  1.444832e-01
8.990001e-01  1.977800e+00  1.271850e-01
8.196305e-01  1.803187e+00  8.373215e-03
1.070118e+00  2.354260e+00  1.955970e-01
1.241031e+00  2.730268e+00  1.294617e-01
7.718973e-01  1.698174e+00  8.501842e-02
8.344384e-01  1.835765e+00  1.364289e-01
1.256980e+00  2.765355e+00  1.086886e-01
7.644605e-01  1.681813e+00  1.159574e-01
7.394961e-01  1.626891e+00  6.491847e-02
1.077986e+00  2.371569e+00  1.677997e-01
1.078105e+00  2.371832e+00  -7.235668e-02
1.042889e+00  2.294355e+00  -7.033514e-02
1.118999e+00  2.461799e+00  1.164594e-01
8.943956e-01  1.967670e+00  6.705471e-02
9.721067e-01  2.138635e+00  6.531536e-02
1.272500e+00  2.799501e+00  2.471421e-01
1.210589e+00  2.663295e+00  2.847576e-01
9.219089e-01  2.028200e+00  -2.394566e-02
1.137229e+00  2.501904e+00  1.980243e-01
9.068617e-01  1.995096e+00  -7.791906e-02
1.190640e+00  2.619409e+00  2.207259e-01
1.217061e+00  2.677535e+00  5.761524e-02
1.242728e+00  2.734001e+00  1.015558e-01
9.412437e-01  2.070736e+00  1.371176e-01
6.988890e-01  1.537556e+00  1.001441e-01
1.036059e+00  2.279329e+00  1.404266e-01
7.628368e-01  1.678241e+00  7.378620e-02
1.074647e+00  2.364222e+00  1.281856e-01
1.227380e+00  2.700237e+00  1.396409e-01
1.187435e+00  2.612357e+00  1.425326e-01
7.430226e-01  1.634650e+00  9.531678e-02
1.202461e+00  2.645414e+00  1.298433e-01
1.052666e+00  2.315864e+00  1.211434e-01
8.026935e-01  1.765926e+00  9.120379e-02
7.962400e-01  1.751728e+00  4.840173e-02
1.236229e+00  2.719703e+00  1.637801e-01
7.678322e-01  1.689231e+00  6.805375e-02
1.118969e+00  2.461732e+00  2.190346e-01
9.695434e-01  2.132995e+00  4.438828e-02
9.311026e-01  2.048426e+00  1.128311e-01
1.021303e+00  2.246867e+00  1.053967e-01
7.431801e-01  1.634996e+00  5.330830e-02
9.107480e-01  2.003646e+00  1.088524e-01
8.137506e-01  1.790251e+00  1.055556e-01
1.269529e+00  2.792964e+00  1.657084e-01
1.224074e+00  2.692964e+00  1.305839e-01
9.620343e-01  2.116476e+00  1.115593e-01
1.075503e+00  2.366106e+00  2.966475e-01
8.718624e-01  1.918097e+00  9.520853e-02
9.277989e-01  2.041158e+00  -1.226693e-02
7.307742e-01  1.607703e+00  4.967741e-02
1.045748e+00  2.300645e+00  7.657529e-02
1.028507e+00  2.262716e+00  -9.931857e-02
1.102295e+00  2.425049e+00  2.659826e-01
1.011195e+00  2.224629e+00  1.043298e-01
1.108768e+00  2.439289e+00  1.563321e-01
1.067948e+00  2.349486e+00  1.601025e-01
7.955204e-01  1.750145e+00  1.156024e-01
8.299322e-01  1.825851e+00  6.927961e-02
6.976489e-01  1.534828e+00  8.967431e-02
1.048072e+00  2.305759e+00  7.813298e-02
8.000934e-01  1.760206e+00  9.477184e-02
1.106928e+00  2.435242e+00  1.717646e-01
1.027598e+00  2.260715e+00  1.103616e-01
1.108251e+00  2.438151e+00  2.032305e-01
7.265534e-01  1.598417e+00  7.351102e-02
1.118753e+00  2.461256e+00  2.482481e-01
9.951014e-01  2.189223e+00  1.449958e-01
1.210589e+00  2.663295e+00  2.847576e-01
1.033432e+00  2.273550e+00  5.219242e-02
9.219089e-01  2.028200e+00  -2.394566e-02
8.943956e-01  1.967670e+00  6.705471e-02
1.272500e+00  2.799501e+00  2.471421e-01
1.217061e+00  2.677535e+00  5.761524e-02
1.089828e+00  2.397621e+00  -1.273205e-01
1.242728e+00  2.734001e+00  1.015558e-01
1.137229e+00  2.501904e+00  1.980243e-01
1.190640e+00  2.619409e+00  2.207259e-01
7.623940e-01  1.677267e+00  4.816487e-02
9.747798e-01  2.144516e+00  1.001891e-01
1.116831e+00  2.457027e+00  3.218714e-01
1.242491e+00  2.733481e+00  -3.258979e-02
1.260331e+00  2.772729e+00  -1.417223e-01
1.279003e+00  2.813806e+00  1.759198e-02
1.163533e+00  2.559773e+00  1.852557e-01
1.214671e+00  2.672275e+00  1.427725e-01
1.172877e+00  2.580330e+00  2.011148e-01
1.135895e+00  2.498970e+00  1.086420e-01
9.181057e-01  2.019833e+00  -7.669830e-02
8.443293e-01  1.857524e+00  2.922204e-02
1.254282e+00  2.759420e+00  2.849266e-01
9.301104e-01  2.046243e+00  -9.163276e-02
1.107786e+00  2.437129e+00  4.447297e-02
1.118848e+00  2.461465e+00  1.429436e-01
1.156338e+00  2.543943e+00  -1.514007e-02
1.250778e+00  2.751712e+00  -9.643791e-02
1.305867e+00  2.872907e+00  -1.189623e-01
1.331209e+00  2.928659e+00  -1.580979e-01
1.184367e+00  2.605607e+00  -5.947232e-02
1.274676e+00  2.804287e+00  8.360490e-02
1.034674e+00  2.276283e+00  -9.975291e-02
1.003764e+00  2.208280e+00  1.209947e-02
6.754832e-01  1.486063e+00  8.367027e-02
1.058898e+00  2.329575e+00  1.646826e-01
1.150137e+00  2.530301e+00  9.589566e-02
1.097905e+00  2.415392e+00  1.823391e-01
1.077781e+00  2.371119e+00  8.103437e-02
1.072380e+00  2.359236e+00  1.244485e-01
7.106461e-01  1.563421e+00  5.854991e-02
9.975017e-01  2.194504e+00  9.582100e-02
7.281802e-01  1.601996e+00  7.455003e-02
8.438509e-01  1.856472e+00  -3.179820e-02
1.116874e+00  2.457122e+00  2.599004e-01
1.023953e+00  2.252696e+00  -3.435368e-02
1.052933e+00  2.316452e+00  3.277912e-02
1.236212e+00  2.719667e+00  2.025191e-01
8.786992e-01  1.933138e+00  -5.935035e-02
9.322556e-01  2.050962e+00  9.435705e-02
1.187728e+00  2.613001e+00  3.637790e-02
9.970524e-01  2.193515e+00  -1.216206e-01
9.301104e-01  2.046243e+00  -9.163276e-02
1.118848e+00  2.461465e+00  1.429436e-01
1.107786e+00  2.437129e+00  4.447297e-02
1.229195e+00  2.704229e+00  -4.337158e-02
1.279003e+00  2.813806e+00  1.759198e-02
1.260331e+00  2.772729e+00  -1.417223e-01
1.034674e+00  2.276283e+00  -9.975291e-02
1.258533e+00  2.768772e+00  1.591636e-01
1.250778e+00  2.751712e+00  -9.643791e-02
1.305867e+00  2.872907e+00  -1.189623e-01
1.331209e+00  2.928659e+00  -1.580979e-01
1.184367e+00  2.605607e+00  -5.947232e-02
1.274676e+00  2.804287e+00  8.360490e-02
7.623940e-01  1.677267e+00  4.816487e-02
1.116831e+00  2.457027e+00  3.218714e-01
9.747798e-01  2.144516e+00  1.001891e-01
1.234051e+00  2.714913e+00  2.351575e-01
1.172877e+00  2.580330e+00  2.011148e-01
1.135895e+00  2.498970e+00  1.086420e-01
9.181057e-01  2.019833e+00  -7.669830e-02
8.443293e-01  1.857524e+00  2.922204e-02
1.254282e+00  2.759420e+00  2.849266e-01
1.163533e+00  2.559773e+00  1.852557e-01
8.095744e-01  1.781064e+00  -6.487052e-02
8.438509e-01  1.856472e+00  -3.179820e-02
1.052933e+00  2.316452e+00  3.277912e-02
1.236212e+00  2.719667e+00  2.025191e-01
1.187728e+00  2.613001e+00  3.637790e-02
9.970524e-01  2.193515e+00  -1.216206e-01
6.754832e-01  1.486063e+00  8.367027e-02
1.058898e+00  2.329575e+00  1.646826e-01
1.150137e+00  2.530301e+00  9.589566e-02
1.072380e+00  2.359236e+00  1.244485e-01
7.106461e-01  1.563421e+00  5.854991e-02
7.678322e-01  1.689231e+00  6.805375e-02
9.311026e-01  2.048426e+00  1.128311e-01
1.118969e+00  2.461732e+00  2.190346e-01
9.107480e-01  2.003646e+00  1.088524e-01
8.137506e-01  1.790251e+00  1.055556e-01
1.269529e+00  2.792964e+00  1.657084e-01
1.224074e+00  2.692964e+00  1.305839e-01
9.620343e-01  2.116476e+00  1.115593e-01
1.196582e+00  2.632480e+00  1.332180e-01
8.026935e-01  1.765926e+00  9.120379e-02
1.052666e+00  2.315864e+00  1.211434e-01
1.021303e+00  2.246867e+00  1.053967e-01
1.252040e+00  2.754488e+00  1.884411e-01
9.412437e-01  2.070736e+00  1.371176e-01
1.036059e+00  2.279329e+00  1.404266e-01
7.771209e-01  1.709666e+00  4.922499e-02
6.988890e-01  1.537556e+00  1.001441e-01
7.962400e-01  1.751728e+00  4.840173e-02
9.457190e-01  2.080582e+00  1.333089e-01
7.628368e-01  1.678241e+00  7.378620e-02
1.074647e+00  2.364222e+00  1.281856e-01
1.227380e+00  2.700237e+00  1.396409e-01
1.187435e+00  2.612357e+00  1.425326e-01
7.430226e-01  1.634650e+00  9.531678e-02
1.067948e+00  2.349486e+00  1.601025e-01
7.955204e-01  1.750145e+00  1.156024e-01
8.299322e-01  1.825851e+00  6.927961e-02
8.000934e-01  1.760206e+00  9.477184e-02
1.106928e+00  2.435242e+00  1.717646e-01
1.075503e+00  2.366106e+00  2.966475e-01
7.307742e-01  1.607703e+00  4.967741e-02
1.045748e+00  2.300645e+00  7.657529e-02
1.011195e+00  2.224629e+00  1.043298e-01
1.108768e+00  2.439289e+00  1.563321e-01
1.081156e+00  2.378544e+00  3.257888e-01
7.236831e-01  1.592103e+00  8.016082e-02
9.715576e-01  2.137427e+00  1.261364e-01
9.880038e-01  2.173608e+00  1.098156e-01
7.573522e-01  1.666175e+00  9.874831e-02
1.251078e+00  2.752371e+00  1.566983e-01
1.206153e+00  2.653537e+00  1.296375e-01
1.022182e+00  2.248799e+00  1.269181e-01
1.037794e+00  2.283148e+00  1.527196e-01
8.768560e-01  1.929083e+00  1.219596e-01
7.725157e-01  1.699534e+00  6.288519e-02
7.271817e-01  1.599800e+00  8.809836e-02
1.077983e+00  2.371563e+00  1.677199e-01
9.863675e-01  2.170009e+00  1.756627e-01
1.021875e+00  2.248126e+00  2.336938e-01
9.355334e-01  2.058173e+00  1.380914e-01
9.019787e-01  1.984353e+00  6.297462e-02
1.274009e+00  2.802819e+00  2.765953e-01
9.364759e-01  2.060247e+00  7.225034e-02
8.328697e-01  1.832313e+00  5.303874e-02
1.018183e+00  2.240002e+00  1.019110e-01
7.502281e-01  1.650502e+00  1.274767e-01
8.453963e-01  1.859872e+00  1.262908e-01
1.257662e+00  2.766857e+00  1.079260e-01
1.222601e+00  2.689723e+00  1.308256e-01
7.924192e-01  1.743322e+00  1.087919e-01
7.502281e-01  1.650502e+00  1.274767e-01
8.453963e-01  1.859872e+00  1.262908e-01
9.347624e-01  2.056477e+00  4.280790e-02
9.364759e-01  2.060247e+00  7.225034e-02
1.274009e+00  2.802819e+00  2.765953e-01
1.222601e+00  2.689723e+00  1.308256e-01
9.861175e-01  2.169459e+00  1.019797e-01
1.021875e+00  2.248126e+00  2.336938e-01
9.355334e-01  2.058173e+00  1.380914e-01
8.530900e-01  1.876798e+00  -5.114811e-02
8.328697e-01  1.832313e+00  5.303874e-02
1.087120e+00  2.391664e+00  2.304844e-01
1.037794e+00  2.283148e+00  1.527196e-01
8.768560e-01  1.929083e+00  1.219596e-01
9.701375e-01  2.134303e+00  1.163326e-01
1.251078e+00  2.752371e+00  1.566983e-01
7.573522e-01  1.666175e+00  9.874831e-02
7.271817e-01  1.599800e+00  8.809836e-02
1.010319e+00  2.222703e+00  1.322502e-01
7.236831e-01  1.592103e+00  8.016082e-02
9.715576e-01  2.137427e+00  1.261364e-01
1.227257e+00  2.699966e+00  1.118339e-01
1.206153e+00  2.653537e+00  1.296375e-01
7.386096e-01  1.624941e+00  9.893171e-02
8.282782e-01  1.822212e+00  1.406709e-01
9.215096e-01  2.027321e+00  1.444358e-01
7.265534e-01  1.598417e+00  7.351102e-02
9.868709e-01  2.171116e+00  6.142695e-02
1.090637e+00  2.399402e+00  1.848148e-01
1.215042e+00  2.673092e+00  9.652685e-02
9.869565e-01  2.171304e+00  1.432043e-01
9.109110e-01  2.004004e+00  1.442818e-01
7.620379e-01  1.676483e+00  5.010675e-02
9.961351e-01  2.191497e+00  1.456240e-01
1.239616e+00  2.727155e+00  8.784258e-02
6.911996e-01  1.520639e+00  1.107651e-01
6.708412e-01  1.475851e+00  1.117073e-01
9.262019e-01  2.037644e+00  1.489026e-01
9.427674e-01  2.074088e+00  6.635018e-02
1.090707e+00  2.399556e+00  1.674325e-01
9.971839e-01  2.193804e+00  1.482296e-01
7.102244e-01  1.562494e+00  7.594265e-02
9.303661e-01  2.046805e+00  1.327462e-01
1.081317e+00  2.378897e+00  1.600726e-01
6.977113e-01  1.534965e+00  1.034900e-01
7.279793e-01  1.601554e+00  9.473570e-02
1.078105e+00  2.371832e+00  -7.235668e-02
1.269672e+00  2.793278e+00  5.595284e-02
1.083109e+00  2.382840e+00  -1.200529e-01
1.319141e+00  2.902110e+00  -1.058297e-01
1.092343e+00  2.403154e+00  1.956005e-02
1.093012e+00  2.404626e+00  -3.973781e-02
1.321509e+00  2.907320e+00  -1.079049e-01
1.108638e+00  2.439004e+00  -6.654964e-02
1.282297e+00  2.821053e+00  -1.443776e-02
1.111767e+00  2.445887e+00  -1.468499e-01
1.089052e+00  2.395915e+00  -1.558281e-01
1.275339e+00  2.805745e+00  -5.450944e-02
1.098416e+00  2.416516e+00  -1.599365e-01
1.104285e+00  2.429426e+00  -1.103204e-01
1.034057e+00  2.274924e+00  -1.290867e-01
1.090197e+00  2.398433e+00  4.070981e-02
1.082216e+00  2.380875e+00  -2.146320e-02
1.081479e+00  2.379253e+00  -8.321159e-02
1.131757e+00  2.489866e+00  -1.198965e-01
1.122365e+00  2.469203e+00  -1.688954e-01
1.089052e+00  2.395915e+00  -1.558281e-01
1.321509e+00  2.907320e+00  -1.079049e-01
1.104285e+00  2.429426e+00  -1.103204e-01
1.275339e+00  2.805745e+00  -5.450944e-02
1.098416e+00  2.416516e+00  -1.599365e-01
1.093012e+00  2.404626e+00  -3.973781e-02
1.282297e+00  2.821053e+00  -1.443776e-02
1.111767e+00  2.445887e+00  -1.468499e-01
1.108638e+00  2.439004e+00  -6.654964e-02
1.081479e+00  2.379253e+00  -8.321159e-02
1.122365e+00  2.469203e+00  -1.688954e-01
1.319141e+00  2.902110e+00  -1.058297e-01
1.131757e+00  2.489866e+00  -1.198965e-01
1.034057e+00  2.274924e+00  -1.290867e-01
1.269672e+00  2.793278e+00  5.595284e-02
1.082216e+00  2.380875e+00  -2.146320e-02
1.090197e+00  2.398433e+00  4.070981e-02
6.708412e-01  1.475851e+00  1.117073e-01
9.427674e-01  2.074088e+00  6.635018e-02
1.090707e+00  2.399556e+00  1.674325e-01
1.239616e+00  2.727155e+00  8.784258e-02
9.262019e-01  2.037644e+00  1.489026e-01
9.109110e-01  2.004004e+00  1.442818e-01
6.911996e-01  1.520639e+00  1.107651e-01
7.620379e-01  1.676483e+00  5.010675e-02
9.961351e-01  2.191497e+00  1.456240e-01
1.081317e+00  2.378897e+00  1.600726e-01
9.868709e-01  2.171116e+00  6.142695e-02
7.279793e-01  1.601554e+00  9.473570e-02
6.977113e-01  1.534965e+00  1.034900e-01
9.971839e-01  2.193804e+00  1.482296e-01
9.303661e-01  2.046805e+00  1.327462e-01
1.215042e+00  2.673092e+00  9.652685e-02
7.102244e-01  1.562494e+00  7.594265e-02
9.863675e-01  2.170009e+00  1.756627e-01
1.233603e+00  2.713926e+00  1.559958e-01
7.352845e-01  1.617626e+00  3.685716e-02
7.975198e-01  1.754544e+00  2.945148e-02
9.554602e-01  2.102012e+00  1.579364e-01
6.743208e-01  1.483506e+00  1.012879e-01
1.227144e+00  2.699717e+00  8.784492e-02
9.637796e-01  2.120315e+00  1.385277e-01
1.008308e+00  2.218277e+00  6.342623e-02
1.088777e+00  2.395310e+00  1.581742e-01
1.076897e+00  2.369172e+00  1.848060e-01
7.020620e-01  1.544536e+00  9.009522e-02
9.577946e-01  2.107148e+00  4.360217e-02
7.766903e-01  1.708719e+00  9.277714e-02
1.081156e+00  2.378544e+00  3.257888e-01
1.089590e+00  2.397098e+00  2.464654e-02
8.371622e-01  1.841757e+00  -1.679351e-02
9.739489e-01  2.142687e+00  1.734336e-03
7.739917e-01  1.702782e+00  3.754482e-02
1.064016e+00  2.340836e+00  2.696500e-01
8.885801e-01  1.954876e+00  -5.944455e-02
8.789079e-01  1.933597e+00  1.069645e-01
1.193827e+00  2.626419e+00  1.400920e-01
8.464497e-01  1.862189e+00  -8.432899e-02
8.628864e-01  1.898350e+00  1.118706e-01
1.261697e+00  2.775734e+00  2.322177e-01
8.136692e-01  1.790072e+00  5.686200e-02
1.060167e+00  2.332367e+00  3.057899e-01
8.628864e-01  1.898350e+00  1.118706e-01
8.885801e-01  1.954876e+00  -5.944455e-02
1.060167e+00  2.332367e+00  3.057899e-01
1.261697e+00  2.775734e+00  2.322177e-01
8.136692e-01  1.790072e+00  5.686200e-02
1.064016e+00  2.340836e+00  2.696500e-01
1.193827e+00  2.626419e+00  1.400920e-01
8.464497e-01  1.862189e+00  -8.432899e-02
8.789079e-01  1.933597e+00  1.069645e-01
1.076897e+00  2.369172e+00  1.848060e-01
9.577946e-01  2.107148e+00  4.360217e-02
7.766903e-01  1.708719e+00  9.277714e-02
1.008308e+00  2.218277e+00  6.342623e-02
7.020620e-01  1.544536e+00  9.009522e-02
6.743208e-01  1.483506e+00  1.012879e-01
1.088777e+00  2.395310e+00  1.581742e-01
1.227144e+00  2.699717e+00  8.784492e-02
9.637796e-01  2.120315e+00  1.385277e-01
9.215096e-01  2.027321e+00  1.444358e-01
8.248976e-01  1.814775e+00  -3.563061e-02
1.018559e+00  2.240831e+00  2.372601e-01
1.239712e+00  2.727366e+00  1.574502e-01
7.574543e-01  1.666399e+00  6.933547e-02
8.282782e-01  1.822212e+00  1.406709e-01
1.265322e+00  2.783708e+00  9.849425e-02
7.576066e-01  1.666734e+00  1.265448e-01
7.578259e-01  1.667217e+00  5.769689e-02
1.041161e+00  2.290554e+00  1.682715e-01
9.968299e-01  2.193026e+00  -6.503896e-02
9.883885e-01  2.174455e+00  -1.102601e-02
1.235471e+00  2.718035e+00  2.059676e-01
1.127944e+00  2.481476e+00  2.134510e-01
1.157288e+00  2.546034e+00  -4.171729e-02
9.216118e-01  2.027546e+00  4.849958e-02
1.128333e+00  2.482332e+00  3.104333e-01
7.817160e-01  1.719775e+00  6.388006e-02
9.891696e-01  2.176173e+00  -1.138228e-03
1.239071e+00  2.725957e+00  3.363871e-01
1.225593e+00  2.696305e+00  2.998314e-01
9.396304e-01  2.067187e+00  8.112141e-03
9.378054e-01  2.063172e+00  -2.285129e-02
1.176050e+00  2.587310e+00  2.459944e-01
9.921966e-01  2.182833e+00  -8.923499e-02
1.114610e+00  2.452143e+00  1.395099e-01
1.001001e+00  2.202201e+00  1.179513e-01
7.460293e-01  1.641264e+00  -1.678057e-02
1.166316e+00  2.565895e+00  4.345144e-02
9.876356e-01  2.172798e+00  -8.971177e-02
1.208891e+00  2.659560e+00  2.150959e-01
9.226723e-01  2.029879e+00  1.378373e-01
6.886096e-01  1.514941e+00  9.933710e-02
1.196007e+00  2.631215e+00  1.048398e-01
1.051306e+00  2.312874e+00  1.379452e-01
7.433375e-01  1.635343e+00  6.136483e-02
7.132206e-01  1.569085e+00  8.218843e-02
1.048991e+00  2.307779e+00  1.536265e-01
9.096720e-01  2.001278e+00  1.427684e-01
1.073115e+00  2.360853e+00  1.293106e-01
1.198965e+00  2.637724e+00  1.627799e-01
1.186811e+00  2.610983e+00  1.437381e-01
7.004467e-01  1.540983e+00  9.859763e-02
9.216196e-01  2.027563e+00  1.489264e-01
1.196582e+00  2.632480e+00  1.332180e-01
1.076071e+00  2.367357e+00  1.180984e-01
7.442048e-01  1.637250e+00  9.543220e-02
6.904222e-01  1.518929e+00  1.013853e-01
9.070798e-01  1.995575e+00  1.466444e-01
7.644820e-01  1.681860e+00  7.338232e-02
9.257868e-01  2.036731e+00  1.305067e-01
1.205670e+00  2.652475e+00  1.480831e-01
7.506154e-01  1.651354e+00  8.671010e-02
1.127622e+00  2.480768e+00  1.568087e-01
9.713525e-01  2.136975e+00  6.758250e-02
9.359392e-01  2.059066e+00  1.138013e-01
1.225450e+00  2.695991e+00  1.182161e-01
9.918318e-01  2.182030e+00  9.540219e-02
8.385585e-01  1.844829e+00  8.386768e-02
1.217654e+00  2.678839e+00  1.573159e-01
7.378045e-01  1.623170e+00  8.431434e-02
9.083896e-01  1.998457e+00  1.092232e-01
8.379875e-01  1.843572e+00  9.270741e-02
1.229277e+00  2.704409e+00  1.630505e-01
1.127895e+00  2.481369e+00  1.584566e-01
6.772306e-01  1.489907e+00  1.111360e-01
1.220037e+00  2.684081e+00  1.290555e-01
7.547252e-01  1.660395e+00  9.783461e-02
9.292933e-01  2.044445e+00  1.180352e-01
1.064423e+00  2.341730e+00  2.731417e-01
9.174011e-01  2.018282e+00  1.265676e-01
8.532810e-01  1.877218e+00  -1.640978e-02
7.239582e-01  1.592708e+00  4.956108e-02
1.046906e+00  2.303193e+00  9.395138e-02
8.786992e-01  1.933138e+00  -5.935035e-02
1.230852e+00  2.707874e+00  2.487439e-01
1.113937e+00  2.450662e+00  1.627892e-01
1.065372e+00  2.343817e+00  3.099454e-01
1.039956e+00  2.287904e+00  1.059218e-01
1.070781e+00  2.355718e+00  1.879024e-01
1.243170e+00  2.734973e+00  1.521134e-01
7.986647e-01  1.757062e+00  8.240272e-02
1.071974e+00  2.358342e+00  1.576067e-01
7.972748e-01  1.754004e+00  1.077140e-01
8.141794e-01  1.791195e+00  7.226681e-02
7.212787e-01  1.586813e+00  8.534654e-02
9.948339e-01  2.188635e+00  7.913565e-02
7.942108e-01  1.747264e+00  9.590917e-02
1.281127e+00  2.818479e+00  1.445853e-01
9.273655e-01  2.040204e+00  1.297548e-01
1.083084e+00  2.382786e+00  1.699171e-01
9.975017e-01  2.194504e+00  9.582100e-02
1.082585e+00  2.381687e+00  1.671482e-01
1.281024e+00  2.818254e+00  1.583049e-01
8.706616e-01  1.915455e+00  7.615478e-02
7.419856e-01  1.632368e+00  3.973857e-02
1.128333e+00  2.482332e+00  3.104333e-01
9.741534e-01  2.143137e+00  4.584931e-02
1.001001e+00  2.202201e+00  1.179513e-01
1.204847e+00  2.650663e+00  2.262699e-01
1.225593e+00  2.696305e+00  2.998314e-01
9.883885e-01  2.174455e+00  -1.102601e-02
9.378054e-01  2.063172e+00  -2.285129e-02
9.891696e-01  2.176173e+00  -1.138228e-03
9.396304e-01  2.067187e+00  8.112141e-03
9.216118e-01  2.027546e+00  4.849958e-02
1.239071e+00  2.725957e+00  3.363871e-01
7.817160e-01  1.719775e+00  6.388006e-02
1.166316e+00  2.565895e+00  4.345144e-02
9.921966e-01  2.182833e+00  -8.923499e-02
1.208891e+00  2.659560e+00  2.150959e-01
1.127944e+00  2.481476e+00  2.134510e-01
9.876356e-01  2.172798e+00  -8.971177e-02
1.176050e+00  2.587310e+00  2.459944e-01
7.460293e-01  1.641264e+00  -1.678057e-02
1.114610e+00  2.452143e+00  1.395099e-01
8.091168e-01  1.780057e+00  9.439619e-03
1.005067e+00  2.211148e+00  2.875807e-02
1.224281e+00  2.693418e+00  2.590153e-01
1.123085e+00  2.470788e+00  3.078563e-01
9.509470e-01  2.092083e+00  -1.640781e-02
1.229195e+00  2.704229e+00  -4.337158e-02
1.127441e+00  2.480371e+00  1.204595e-01
1.095182e+00  2.409400e+00  -8.898910e-02
1.165529e+00  2.564163e+00  -1.002357e-01
1.234526e+00  2.715957e+00  1.244323e-01
1.204062e+00  2.648936e+00  2.087276e-01
1.162610e+00  2.557743e+00  3.719278e-02
8.521402e-01  1.874708e+00  -6.926180e-02
1.209559e+00  2.661029e+00  2.208856e-01
1.109056e+00  2.439924e+00  2.306084e-02
9.555435e-01  2.102196e+00  -6.868905e-02
1.028016e+00  2.261634e+00  -8.929775e-02
1.028154e+00  2.261939e+00  1.408420e-02
8.888272e-01  1.955420e+00  -1.724443e-02
8.539740e-01  1.878743e+00  7.031820e-02
1.231758e+00  2.709867e+00  3.213466e-01
1.057311e+00  2.326085e+00  -1.193022e-01
1.137410e+00  2.502303e+00  -3.397557e-02
1.235565e+00  2.718244e+00  3.616850e-02
1.128368e+00  2.482409e+00  4.886487e-02
1.219148e+00  2.682125e+00  -5.666609e-02
1.227110e+00  2.699641e+00  -9.460563e-02
1.128797e+00  2.483353e+00  -1.214919e-01
1.105875e+00  2.432925e+00  -1.754926e-01
1.342825e+00  2.954214e+00  -1.499208e-01
1.272293e+00  2.799045e+00  -1.273773e-01
1.242121e+00  2.732665e+00  -4.850797e-02
1.242875e+00  2.734324e+00  -2.397807e-02
1.110127e+00  2.442279e+00  -1.429358e-01
1.191634e+00  2.621595e+00  -1.109846e-01
1.072443e+00  2.359374e+00  -6.411174e-02
1.313060e+00  2.888733e+00  -7.149323e-02
1.239610e+00  2.727143e+00  5.496811e-02
6.923778e-01  1.523231e+00  5.637002e-02
1.066197e+00  2.345634e+00  1.961143e-01
1.143428e+00  2.515541e+00  1.358162e-01
1.108237e+00  2.438121e+00  2.387542e-01
1.072366e+00  2.359205e+00  9.772058e-02
1.104661e+00  2.430255e+00  1.633330e-01
8.656108e-01  1.904344e+00  -5.549228e-02
1.162599e+00  2.557718e+00  2.503391e-01
6.980931e-01  1.535805e+00  3.366079e-02
1.027598e+00  2.260715e+00  1.103616e-01
7.123228e-01  1.567110e+00  5.061951e-02
8.769428e-01  1.929274e+00  -3.103710e-02
1.211263e+00  2.664779e+00  2.910651e-01
9.617299e-01  2.115806e+00  -6.229258e-02
1.124710e+00  2.474362e+00  1.564052e-01
1.098084e+00  2.415784e+00  -7.360913e-02
1.110897e+00  2.443974e+00  -4.081047e-02
1.230467e+00  2.707027e+00  1.388535e-01
1.028507e+00  2.262716e+00  -9.931857e-02
1.256231e+00  2.763707e+00  4.456403e-05
1.227613e+00  2.700748e+00  1.655614e-01
9.835506e-01  2.163811e+00  1.963472e-02
1.223344e+00  2.691357e+00  5.257032e-02
1.043314e+00  2.295292e+00  -1.270609e-01
1.327168e+00  2.919770e+00  -1.311403e-01
1.252256e+00  2.754962e+00  -3.044929e-02
1.057311e+00  2.326085e+00  -1.193022e-01
1.128368e+00  2.482409e+00  4.886487e-02
1.219148e+00  2.682125e+00  -5.666609e-02
1.137410e+00  2.502303e+00  -3.397557e-02
1.235565e+00  2.718244e+00  3.616850e-02
1.242491e+00  2.733481e+00  -3.258979e-02
1.169668e+00  2.573269e+00  -1.523788e-01
1.099882e+00  2.419741e+00  -8.597823e-02
1.313060e+00  2.888733e+00  -7.149323e-02
1.277761e+00  2.811074e+00  -1.520842e-01
1.191634e+00  2.621595e+00  -1.109846e-01
1.239610e+00  2.727143e+00  5.496811e-02
1.072443e+00  2.359374e+00  -6.411174e-02
1.227110e+00  2.699641e+00  -9.460563e-02
1.342825e+00  2.954214e+00  -1.499208e-01
1.272293e+00  2.799045e+00  -1.273773e-01
1.128797e+00  2.483353e+00  -1.214919e-01
1.105875e+00  2.432925e+00  -1.754926e-01
1.242121e+00  2.732665e+00  -4.850797e-02
1.110127e+00  2.442279e+00  -1.429358e-01
1.242875e+00  2.734324e+00  -2.397807e-02
8.091168e-01  1.780057e+00  9.439619e-03
1.123085e+00  2.470788e+00  3.078563e-01
9.509470e-01  2.092083e+00  -1.640781e-02
1.005067e+00  2.211148e+00  2.875807e-02
1.224281e+00  2.693418e+00  2.590153e-01
1.209559e+00  2.661029e+00  2.208856e-01
1.028016e+00  2.261634e+00  -8.929775e-02
1.028154e+00  2.261939e+00  1.408420e-02
1.109056e+00  2.439924e+00  2.306084e-02
9.555435e-01  2.102196e+00  -6.868905e-02
8.888272e-01  1.955420e+00  -1.724443e-02
1.231758e+00  2.709867e+00  3.213466e-01
8.539740e-01  1.878743e+00  7.031820e-02
1.204062e+00  2.648936e+00  2.087276e-01
8.521402e-01  1.874708e+00  -6.926180e-02
1.165529e+00  2.564163e+00  -1.002357e-01
1.162610e+00  2.557743e+00  3.719278e-02
9.617299e-01  2.115806e+00  -6.229258e-02
1.110897e+00  2.443974e+00  -4.081047e-02
1.230467e+00  2.707027e+00  1.388535e-01
1.124710e+00  2.474362e+00  1.564052e-01
1.098084e+00  2.415784e+00  -7.360913e-02
1.223344e+00  2.691357e+00  5.257032e-02
1.327168e+00  2.919770e+00  -1.311403e-01
1.252256e+00  2.754962e+00  -3.044929e-02
1.043314e+00  2.295292e+00  -1.270609e-01
6.923778e-01  1.523231e+00  5.637002e-02
1.108237e+00  2.438121e+00  2.387542e-01
1.072366e+00  2.359205e+00  9.772058e-02
1.066197e+00  2.345634e+00  1.961143e-01
1.143428e+00  2.515541e+00  1.358162e-01
1.104661e+00  2.430255e+00  1.633330e-01
6.980931e-01  1.535805e+00  3.366079e-02
8.656108e-01  1.904344e+00  -5.549228e-02
1.162599e+00  2.557718e+00  2.503391e-01
7.506154e-01  1.651354e+00  8.671010e-02
9.359392e-01  2.059066e+00  1.138013e-01
1.225450e+00  2.695991e+00  1.182161e-01
1.127622e+00  2.480768e+00  1.568087e-01
9.713525e-01  2.136975e+00  6.758250e-02
9.083896e-01  1.998457e+00  1.092232e-01
1.127895e+00  2.481369e+00  1.584566e-01
6.772306e-01  1.489907e+00  1.111360e-01
8.379875e-01  1.843572e+00  9.270741e-02
1.229277e+00  2.704409e+00  1.630505e-01
1.220037e+00  2.684081e+00  1.290555e-01
9.292933e-01  2.044445e+00  1.180352e-01
7.547252e-01  1.660395e+00  9.783461e-02
1.202461e+00  2.645414e+00  1.298433e-01
8.385585e-01  1.844829e+00  8.386768e-02
9.897942e-01  2.177547e+00  1.196170e-01
9.413605e-01  2.070993e+00  1.294348e-01
6.796461e-01  1.495221e+00  1.069129e-01
9.918318e-01  2.182030e+00  9.540219e-02
7.378045e-01  1.623170e+00  8.431434e-02
1.217654e+00  2.678839e+00  1.573159e-01
9.226723e-01  2.029879e+00  1.378373e-01
1.051306e+00  2.312874e+00  1.379452e-01
7.433375e-01  1.635343e+00  6.136483e-02
6.886096e-01  1.514941e+00  9.933710e-02
1.196007e+00  2.631215e+00  1.048398e-01
7.644820e-01  1.681860e+00  7.338232e-02
1.076071e+00  2.367357e+00  1.180984e-01
1.205670e+00  2.652475e+00  1.480831e-01
9.257868e-01  2.036731e+00  1.305067e-01
7.132206e-01  1.569085e+00  8.218843e-02
1.073115e+00  2.360853e+00  1.293106e-01
1.198965e+00  2.637724e+00  1.627799e-01
1.048991e+00  2.307779e+00  1.536265e-01
9.096720e-01  2.001278e+00  1.427684e-01
1.186811e+00  2.610983e+00  1.437381e-01
9.216196e-01  2.027563e+00  1.489264e-01
7.004467e-01  1.540983e+00  9.859763e-02
1.071974e+00  2.358342e+00  1.576067e-01
7.212787e-01  1.586813e+00  8.534654e-02
9.948339e-01  2.188635e+00  7.913565e-02
7.972748e-01  1.754004e+00  1.077140e-01
8.141794e-01  1.791195e+00  7.226681e-02
7.942108e-01  1.747264e+00  9.590917e-02
1.083084e+00  2.382786e+00  1.699171e-01
1.281127e+00  2.818479e+00  1.445853e-01
9.273655e-01  2.040204e+00  1.297548e-01
1.064423e+00  2.341730e+00  2.731417e-01
7.239582e-01  1.592708e+00  4.956108e-02
1.046906e+00  2.303193e+00  9.395138e-02
9.174011e-01  2.018282e+00  1.265676e-01
8.532810e-01  1.877218e+00  -1.640978e-02
1.039956e+00  2.287904e+00  1.059218e-01
1.243170e+00  2.734973e+00  1.521134e-01
7.986647e-01  1.757062e+00  8.240272e-02
1.070781e+00  2.355718e+00  1.879024e-01
1.074267e+00  2.363388e+00  3.207263e-01
9.371325e-01  2.061692e+00  8.363258e-02
9.481656e-01  2.085964e+00  -5.461083e-02
7.495633e-01  1.649039e+00  3.203108e-03
1.027264e+00  2.259982e+00  7.882392e-02
6.967269e-01  1.532799e+00  9.483778e-02
1.121417e+00  2.467117e+00  1.448666e-01
1.002695e+00  2.205928e+00  7.970389e-02
9.704990e-01  2.135098e+00  1.290560e-01
1.205299e+00  2.651659e+00  9.971221e-02
9.701375e-01  2.134303e+00  1.163326e-01
7.646481e-01  1.682226e+00  9.125478e-02
1.208506e+00  2.658714e+00  1.701619e-01
1.121719e+00  2.467782e+00  1.652559e-01
6.429213e-01  1.414427e+00  1.046081e-01
1.199979e+00  2.639953e+00  1.324804e-01
6.873141e-01  1.512091e+00  1.014077e-01
9.783900e-01  2.152458e+00  1.344477e-01
1.046771e+00  2.302897e+00  1.519867e-01
8.782112e-01  1.932065e+00  1.120151e-01
7.694911e-01  1.692880e+00  6.475716e-02
7.070465e-01  1.555502e+00  7.378902e-02
1.073554e+00  2.361819e+00  8.837026e-02
7.410982e-01  1.630416e+00  8.698452e-02
1.261094e+00  2.774406e+00  1.338592e-01
1.009485e+00  2.220867e+00  1.341648e-01
1.059966e+00  2.331924e+00  1.580440e-01
1.010819e+00  2.223802e+00  2.162514e-01
7.577980e-01  1.667156e+00  -3.482280e-02
1.149205e+00  2.528251e+00  1.855423e-01
9.511371e-01  2.092502e+00  1.498520e-01
7.981637e-01  1.755960e+00  1.522982e-03
1.051638e+00  2.313603e+00  2.625695e-01
9.131083e-01  2.008838e+00  8.096610e-02
8.786274e-01  1.932980e+00  -5.204576e-02
9.019950e-01  1.984389e+00  -8.411271e-02
1.138371e+00  2.504417e+00  1.014940e-01
9.347624e-01  2.056477e+00  4.280790e-02
8.564020e-01  1.884084e+00  3.749602e-03
1.090359e+00  2.398790e+00  3.324241e-01
1.282283e+00  2.821022e+00  3.228888e-01
9.141917e-01  2.011222e+00  3.463546e-02
8.554724e-01  1.882039e+00  1.250857e-02
9.979987e-01  2.195597e+00  8.747349e-02
1.071776e+00  2.357906e+00  3.130920e-01
7.624563e-01  1.677404e+00  1.224556e-01
1.117112e+00  2.457647e+00  1.488362e-01
8.194006e-01  1.802681e+00  7.552428e-02
8.603787e-01  1.892833e+00  1.100141e-01
1.235081e+00  2.717178e+00  1.044244e-01
1.225719e+00  2.696582e+00  1.328038e-01
7.791846e-01  1.714206e+00  1.115251e-01
9.470459e-01  2.083501e+00  8.601507e-02
9.131148e-01  2.008853e+00  9.947760e-02
7.624563e-01  1.677404e+00  1.224556e-01
8.603787e-01  1.892833e+00  1.100141e-01
1.235081e+00  2.717178e+00  1.044244e-01
1.117112e+00  2.457647e+00  1.488362e-01
8.194006e-01  1.802681e+00  7.552428e-02
9.019787e-01  1.984353e+00  6.297462e-02
1.118106e+00  2.459834e+00  1.806523e-01
8.206675e-01  1.805468e+00  1.003325e-01
9.470459e-01  2.083501e+00  8.601507e-02
1.238722e+00  2.725187e+00  1.980738e-01
1.225719e+00  2.696582e+00  1.328038e-01
9.131148e-01  2.008853e+00  9.947760e-02
7.791846e-01  1.714206e+00  1.115251e-01
1.051638e+00  2.313603e+00  2.625695e-01
9.019950e-01  1.984389e+00  -8.411271e-02
1.138371e+00  2.504417e+00  1.014940e-01
9.131083e-01  2.008838e+00  8.096610e-02
8.786274e-01  1.932980e+00  -5.204576e-02
8.554724e-01  1.882039e+00  1.250857e-02
1.071776e+00  2.357906e+00  3.130920e-01
1.282283e+00  2.821022e+00  3.228888e-01
9.979987e-01  2.195597e+00  8.747349e-02
1.046771e+00  2.302897e+00  1.519867e-01
7.070465e-01  1.555502e+00  7.378902e-02
1.073554e+00  2.361819e+00  8.837026e-02
8.782112e-01  1.932065e+00  1.120151e-01
7.694911e-01  1.692880e+00  6.475716e-02
9.880038e-01  2.173608e+00  1.098156e-01
1.261094e+00  2.774406e+00  1.338592e-01
7.687088e-01  1.691159e+00  1.020430e-01
7.036387e-01  1.548005e+00  8.380726e-02
1.078159e+00  2.371950e+00  1.546541e-01
7.410982e-01  1.630416e+00  8.698452e-02
1.059966e+00  2.331924e+00  1.580440e-01
1.009485e+00  2.220867e+00  1.341648e-01
6.967269e-01  1.532799e+00  9.483778e-02
9.704990e-01  2.135098e+00  1.290560e-01
1.205299e+00  2.651659e+00  9.971221e-02
1.121417e+00  2.467117e+00  1.448666e-01
1.002695e+00  2.205928e+00  7.970389e-02
1.199979e+00  2.639953e+00  1.324804e-01
7.646481e-01  1.682226e+00  9.125478e-02
9.783900e-01  2.152458e+00  1.344477e-01
6.873141e-01  1.512091e+00  1.014077e-01
8.344384e-01  1.835765e+00  1.364289e-01
7.806950e-01  1.717529e+00  1.032124e-01
1.228738e+00  2.703224e+00  1.059828e-01
1.087650e+00  2.392829e+00  1.508928e-01
7.415727e-01  1.631460e+00  6.988221e-02
8.990001e-01  1.977800e+00  1.271850e-01
1.089570e+00  2.397054e+00  1.546790e-01
8.149805e-01  1.792957e+00  4.143995e-02
7.706609e-01  1.695454e+00  9.365716e-02
1.217697e+00  2.678933e+00  1.086046e-01
7.867009e-01  1.730742e+00  -4.226001e-03
9.741534e-01  2.143137e+00  4.584931e-02
1.204847e+00  2.650663e+00  2.262699e-01
9.539078e-01  2.098597e+00  6.503976e-02
7.848315e-01  1.726629e+00  8.151988e-02
1.128959e+00  2.483710e+00  1.847279e-01
1.117997e+00  2.459593e+00  2.507432e-01
9.600823e-01  2.112181e+00  5.469381e-02
1.191825e+00  2.622015e+00  1.197439e-01
7.443669e-01  1.637607e+00  3.652702e-02
1.036414e+00  2.280111e+00  1.640537e-01
1.027272e+00  2.259999e+00  1.759092e-01
1.204366e+00  2.649606e+00  1.800221e-01
8.998346e-01  1.979636e+00  1.506773e-01
7.003228e-01  1.540710e+00  6.575397e-02
1.201911e+00  2.644204e+00  1.143931e-01
7.825582e-01  1.721628e+00  4.918180e-02
9.519253e-01  2.094236e+00  1.333690e-01
1.053295e+00  2.317248e+00  1.450286e-01
1.046551e+00  2.302411e+00  1.456376e-01
7.631303e-01  1.678887e+00  6.067450e-02
1.230447e+00  2.706984e+00  1.071986e-01
9.415043e-01  2.071309e+00  1.491652e-01
6.914210e-01  1.521126e+00  1.097266e-01
6.937002e-01  1.526140e+00  1.059258e-01
1.240137e+00  2.728301e+00  1.120906e-01
6.887201e-01  1.515184e+00  1.073133e-01
1.213691e+00  2.670119e+00  1.112948e-01
9.413605e-01  2.070993e+00  1.294348e-01
9.207584e-01  2.025668e+00  8.729160e-02
9.390229e-01  2.065850e+00  1.403681e-01
6.796461e-01  1.495221e+00  1.069129e-01
9.506227e-01  2.091370e+00  7.431099e-02
6.998957e-01  1.539770e+00  1.088148e-01
1.128649e+00  2.483027e+00  1.649011e-01
1.118657e+00  2.461045e+00  1.742358e-01
9.387951e-01  2.065349e+00  8.440430e-02
1.032247e+00  2.270943e+00  1.973080e-01
1.137074e+00  2.501563e+00  1.352188e-01
7.217838e-01  1.587924e+00  3.069472e-02
7.836876e-01  1.724113e+00  4.394853e-02
9.482290e-01  2.086104e+00  1.256282e-01
7.331669e-01  1.612967e+00  3.745398e-03
1.021549e+00  2.247407e+00  2.002232e-01
9.331551e-01  2.052941e+00  1.246705e-01
1.035487e+00  2.278072e+00  1.549005e-01
1.078430e+00  2.372546e+00  1.579268e-01
9.299912e-01  2.045981e+00  7.913172e-02
7.120348e-01  1.566476e+00  9.478822e-02
8.955465e-01  1.970202e+00  6.595957e-02
8.036855e-01  1.768108e+00  9.503602e-02
6.858722e-01  1.508919e+00  1.054863e-01
1.089211e+00  2.396265e+00  1.665998e-01
8.016186e-01  1.763561e+00  8.792150e-02
1.089358e+00  2.396588e+00  1.824041e-01
8.820499e-01  1.940510e+00  -4.558704e-02
1.235471e+00  2.718035e+00  2.059676e-01
1.157288e+00  2.546034e+00  -4.171729e-02
1.249225e+00  2.748294e+00  1.178389e-01
1.065143e+00  2.343314e+00  -2.989225e-02
1.010055e+00  2.222121e+00  -1.081612e-01
9.322133e-01  2.050869e+00  -5.809421e-02
1.262748e+00  2.778046e+00  2.052350e-01
1.292369e+00  2.843212e+00  -6.502258e-02
1.134429e+00  2.495743e+00  -1.072866e-01
1.130159e+00  2.486349e+00  8.410116e-03
1.116430e+00  2.456146e+00  9.967103e-02
1.268371e+00  2.790416e+00  -2.098757e-02
1.002479e+00  2.205453e+00  -3.830145e-02
1.233855e+00  2.714481e+00  -1.006093e-01
1.231813e+00  2.709989e+00  1.311685e-01
1.295758e+00  2.850669e+00  -1.109958e-01
1.163132e+00  2.558890e+00  -9.794630e-02
1.129884e+00  2.485745e+00  -7.491572e-02
1.119156e+00  2.462143e+00  1.435911e-02
1.309193e+00  2.880225e+00  -8.670581e-02
1.232575e+00  2.711665e+00  3.398303e-02
1.113873e+00  2.450520e+00  2.550264e-02
1.036478e+00  2.280251e+00  -1.284729e-01
9.595480e-01  2.111006e+00  -1.092822e-01
1.243568e+00  2.735851e+00  1.177696e-01
1.114131e+00  2.451088e+00  -1.513464e-01
1.244443e+00  2.737774e+00  -1.151227e-01
1.246920e+00  2.743223e+00  -7.653367e-02
1.169668e+00  2.573269e+00  -1.523788e-01
1.290800e+00  2.839761e+00  -1.071510e-01
1.130531e+00  2.487169e+00  -1.766638e-01
1.133337e+00  2.493341e+00  -1.520154e-01
1.134380e+00  2.495635e+00  -1.709120e-01
1.278445e+00  2.812579e+00  -1.136287e-01
1.168474e+00  2.570644e+00  -1.446758e-01
1.099882e+00  2.419741e+00  -8.597823e-02
7.699776e-01  1.693951e+00  -5.493004e-02
1.161027e+00  2.554259e+00  9.146787e-02
1.098856e+00  2.417482e+00  2.108208e-01
1.206333e+00  2.653933e+00  1.836848e-01
1.045829e+00  2.300824e+00  1.271829e-01
1.073045e+00  2.360700e+00  1.112355e-01
8.513745e-01  1.873024e+00  -9.083642e-02
1.005788e+00  2.212735e+00  4.453864e-02
8.421390e-01  1.852706e+00  -7.213863e-02
1.103012e+00  2.426627e+00  -8.215019e-02
1.246059e+00  2.741329e+00  -2.641634e-03
1.157334e+00  2.546135e+00  -1.395318e-01
1.285728e+00  2.828601e+00  -1.199162e-01
1.131293e+00  2.488845e+00  -3.320441e-02
1.105752e+00  2.432655e+00  -1.347402e-01
1.094252e+00  2.407355e+00  -7.671923e-03
1.119500e+00  2.462900e+00  -1.269250e-01
1.124702e+00  2.474345e+00  -1.416700e-01
1.114131e+00  2.451088e+00  -1.513464e-01
1.246920e+00  2.743223e+00  -7.653367e-02
1.244443e+00  2.737774e+00  -1.151227e-01
1.311018e+00  2.884240e+00  -1.204834e-01
1.129884e+00  2.485745e+00  -7.491572e-02
1.163132e+00  2.558890e+00  -9.794630e-02
1.168474e+00  2.570644e+00  -1.446758e-01
1.309193e+00  2.880225e+00  -8.670581e-02
1.290800e+00  2.839761e+00  -1.071510e-01
1.130531e+00  2.487169e+00  -1.766638e-01
1.133337e+00  2.493341e+00  -1.520154e-01
1.134380e+00  2.495635e+00  -1.709120e-01
1.278445e+00  2.812579e+00  -1.136287e-01
1.002479e+00  2.205453e+00  -3.830145e-02
1.231813e+00  2.709989e+00  1.311685e-01
1.233855e+00  2.714481e+00  -1.006093e-01
1.127441e+00  2.480371e+00  1.204595e-01
1.232575e+00  2.711665e+00  3.398303e-02
1.113873e+00  2.450520e+00  2.550264e-02
1.036478e+00  2.280251e+00  -1.284729e-01
9.595480e-01  2.111006e+00  -1.092822e-01
1.243568e+00  2.735851e+00  1.177696e-01
1.119156e+00  2.462143e+00  1.435911e-02
1.095182e+00  2.409400e+00  -8.898910e-02
1.103012e+00  2.426627e+00  -8.215019e-02
1.285728e+00  2.828601e+00  -1.199162e-01
1.131293e+00  2.488845e+00  -3.320441e-02
1.246059e+00  2.741329e+00  -2.641634e-03
1.157334e+00  2.546135e+00  -1.395318e-01
1.119500e+00  2.462900e+00  -1.269250e-01
1.124702e+00  2.474345e+00  -1.416700e-01
1.263594e+00  2.779906e+00  -8.252850e-02
1.130159e+00  2.486349e+00  8.410116e-03
1.134429e+00  2.495743e+00  -1.072866e-01
1.092343e+00  2.403154e+00  1.956005e-02
1.105752e+00  2.432655e+00  -1.347402e-01
1.094252e+00  2.407355e+00  -7.671923e-03
1.268371e+00  2.790416e+00  -2.098757e-02
7.699776e-01  1.693951e+00  -5.493004e-02
1.206333e+00  2.653933e+00  1.836848e-01
1.045829e+00  2.300824e+00  1.271829e-01
1.161027e+00  2.554259e+00  9.146787e-02
1.098856e+00  2.417482e+00  2.108208e-01
1.259823e+00  2.771611e+00  1.285761e-01
1.083109e+00  2.382840e+00  -1.200529e-01
1.010055e+00  2.222121e+00  -1.081612e-01
1.065143e+00  2.343314e+00  -2.989225e-02
1.005788e+00  2.212735e+00  4.453864e-02
1.262748e+00  2.778046e+00  2.052350e-01
8.421390e-01  1.852706e+00  -7.213863e-02
1.073045e+00  2.360700e+00  1.112355e-01
8.513745e-01  1.873024e+00  -9.083642e-02
6.887201e-01  1.515184e+00  1.073133e-01
9.207584e-01  2.025668e+00  8.729160e-02
1.213691e+00  2.670119e+00  1.112948e-01
9.506227e-01  2.091370e+00  7.431099e-02
6.998957e-01  1.539770e+00  1.088148e-01
1.128649e+00  2.483027e+00  1.649011e-01
1.118657e+00  2.461045e+00  1.742358e-01
9.387951e-01  2.065349e+00  8.440430e-02
1.232831e+00  2.712229e+00  1.049918e-01
6.914210e-01  1.521126e+00  1.097266e-01
9.415043e-01  2.071309e+00  1.491652e-01
9.390229e-01  2.065850e+00  1.403681e-01
1.240137e+00  2.728301e+00  1.120906e-01
8.998346e-01  1.979636e+00  1.506773e-01
1.201911e+00  2.644204e+00  1.143931e-01
6.904222e-01  1.518929e+00  1.013853e-01
7.003228e-01  1.540710e+00  6.575397e-02
6.937002e-01  1.526140e+00  1.059258e-01
9.070798e-01  1.995575e+00  1.466444e-01
7.825582e-01  1.721628e+00  4.918180e-02
9.519253e-01  2.094236e+00  1.333690e-01
1.053295e+00  2.317248e+00  1.450286e-01
1.046551e+00  2.302411e+00  1.456376e-01
7.631303e-01  1.678887e+00  6.067450e-02
1.078430e+00  2.372546e+00  1.579268e-01
8.955465e-01  1.970202e+00  6.595957e-02
8.036855e-01  1.768108e+00  9.503602e-02
9.299912e-01  2.045981e+00  7.913172e-02
7.120348e-01  1.566476e+00  9.478822e-02
9.856869e-01  2.168511e+00  5.948137e-02
1.090637e+00  2.399402e+00  1.848148e-01
1.128959e+00  2.483710e+00  1.847279e-01
7.848315e-01  1.726629e+00  8.151988e-02
8.016186e-01  1.763561e+00  8.792150e-02
9.600823e-01  2.112181e+00  5.469381e-02
1.089358e+00  2.396588e+00  1.824041e-01
6.858722e-01  1.508919e+00  1.054863e-01
1.089211e+00  2.396265e+00  1.665998e-01
1.032247e+00  2.270943e+00  1.973080e-01
7.836876e-01  1.724113e+00  4.394853e-02
9.482290e-01  2.086104e+00  1.256282e-01
1.137074e+00  2.501563e+00  1.352188e-01
7.217838e-01  1.587924e+00  3.069472e-02
9.331551e-01  2.052941e+00  1.246705e-01
1.035487e+00  2.278072e+00  1.549005e-01
1.214493e+00  2.671884e+00  1.535823e-01
1.036414e+00  2.280111e+00  1.640537e-01
7.443669e-01  1.637607e+00  3.652702e-02
9.869565e-01  2.171304e+00  1.432043e-01
7.331669e-01  1.612967e+00  3.745398e-03
1.021549e+00  2.247407e+00  2.002232e-01
1.204366e+00  2.649606e+00  1.800221e-01
1.036058e+00  2.279329e+00  2.588088e-01
1.149205e+00  2.528251e+00  1.855423e-01
7.577980e-01  1.667156e+00  -3.482280e-02
7.981637e-01  1.755960e+00  1.522982e-03
9.511371e-01  2.092502e+00  1.498520e-01
1.234051e+00  2.714913e+00  2.351575e-01
9.638039e-01  2.120369e+00  1.388675e-01
1.023656e+00  2.252044e+00  1.637807e-01
7.901440e-01  1.738317e+00  -2.212951e-02
8.095744e-01  1.781064e+00  -6.487052e-02
1.225922e+00  2.697029e+00  2.310064e-01
1.022707e+00  2.249955e+00  1.962332e-01
7.771209e-01  1.709666e+00  4.922499e-02
1.051297e+00  2.312853e+00  1.748076e-01
9.752453e-01  2.145540e+00  1.351616e-01
9.892041e-01  2.176249e+00  1.513893e-01
9.457190e-01  2.080582e+00  1.333089e-01
1.038282e+00  2.284220e+00  2.096379e-01
8.049069e-01  1.770795e+00  4.226283e-02
6.353825e-01  1.397842e+00  1.065020e-01
1.196608e+00  2.632538e+00  1.126836e-01
9.703078e-01  2.134677e+00  1.433530e-01
9.746059e-01  2.144133e+00  9.086715e-02
1.224320e+00  2.693505e+00  9.353288e-02
7.067732e-01  1.554901e+00  9.848706e-02
6.855825e-01  1.508282e+00  1.034804e-01
9.713798e-01  2.137036e+00  1.416943e-01
9.605757e-01  2.113266e+00  1.497146e-01
1.227647e+00  2.700824e+00  1.077415e-01
6.399081e-01  1.407798e+00  1.057311e-01
1.022576e+00  2.249667e+00  7.337956e-02
6.940681e-01  1.526950e+00  9.857291e-02
1.122035e+00  2.468478e+00  1.544573e-01
1.111492e+00  2.445283e+00  1.623148e-01
1.012989e+00  2.228577e+00  8.319630e-02
1.064070e+00  2.340954e+00  1.659975e-01
1.007365e+00  2.216203e+00  7.982940e-02
7.036387e-01  1.548005e+00  8.380726e-02
8.567521e-01  1.884855e+00  4.613951e-02
8.715760e-01  1.917467e+00  1.038185e-01
6.725396e-01  1.479587e+00  9.607665e-02
1.078159e+00  2.371950e+00  1.546541e-01
9.460460e-01  2.081301e+00  2.298735e-02
1.122590e+00  2.469697e+00  2.484936e-01
8.338633e-01  1.834499e+00  8.198228e-02
1.088799e+00  2.395357e+00  2.588733e-01
8.597113e-01  1.891365e+00  1.033121e-01
1.077099e+00  2.369617e+00  2.281622e-01
9.114988e-01  2.005297e+00  1.439909e-02
1.058462e+00  2.328617e+00  3.003654e-01
9.481656e-01  2.085964e+00  -5.461083e-02
9.371325e-01  2.061692e+00  8.363258e-02
1.027264e+00  2.259982e+00  7.882392e-02
7.495633e-01  1.649039e+00  3.203108e-03
1.156338e+00  2.543943e+00  -1.514007e-02
1.089631e+00  2.397187e+00  2.447029e-01
1.127834e+00  2.481236e+00  2.640681e-01
9.999941e-01  2.199987e+00  -4.963298e-02
1.003764e+00  2.208280e+00  1.209947e-02
1.129065e+00  2.483942e+00  -6.917962e-02
1.078992e+00  2.373782e+00  2.669923e-01
9.695434e-01  2.132995e+00  4.438828e-02
1.127277e+00  2.480010e+00  2.945376e-01
7.763250e-01  1.707915e+00  6.295473e-02
1.089890e+00  2.397759e+00  3.036025e-01
7.431801e-01  1.634996e+00  5.330830e-02
1.079776e+00  2.375507e+00  2.701740e-01
1.019767e+00  2.243486e+00  6.589970e-02
1.080956e+00  2.378103e+00  2.867528e-01
9.650673e-01  2.123148e+00  -1.969703e-02
1.101928e+00  2.424242e+00  6.990319e-04
9.597447e-01  2.111438e+00  -4.132348e-02
8.720239e-01  1.918452e+00  -4.473029e-03
1.118978e+00  2.461752e+00  3.294450e-01
8.698860e-01  1.913749e+00  1.010976e-01
8.229835e-01  1.810564e+00  6.744421e-02
9.221728e-01  2.028780e+00  4.071971e-03
1.226234e+00  2.697715e+00  9.423256e-02
1.119598e+00  2.463115e+00  1.600807e-01
1.031693e+00  2.269725e+00  -1.239707e-01
1.060193e+00  2.332425e+00  1.347309e-01
1.060655e+00  2.333441e+00  -1.020675e-01
1.090457e+00  2.399006e+00  1.764493e-01
1.231604e+00  2.709529e+00  1.703227e-02
8.166614e-01  1.796655e+00  1.087789e-01
1.233960e+00  2.714711e+00  1.331621e-01
8.452774e-01  1.859610e+00  9.524091e-02
8.766421e-01  1.928613e+00  3.848545e-02
1.118106e+00  2.459834e+00  1.806523e-01
1.249545e+00  2.748998e+00  1.663750e-01
9.123440e-01  2.007157e+00  1.065134e-01
9.093306e-01  2.000527e+00  1.047435e-01
8.123411e-01  1.787150e+00  8.066635e-02
8.109953e-01  1.784190e+00  9.733267e-02
1.263857e+00  2.780486e+00  1.265607e-01
8.491288e-01  1.868083e+00  1.101871e-01
1.113365e+00  2.449403e+00  2.708417e-01
8.206675e-01  1.805468e+00  1.003325e-01
8.166614e-01  1.796655e+00  1.087789e-01
8.766421e-01  1.928613e+00  3.848545e-02
1.233960e+00  2.714711e+00  1.331621e-01
8.452774e-01  1.859610e+00  9.524091e-02
9.381506e-01  2.063931e+00  -4.875294e-02
8.698860e-01  1.913749e+00  1.010976e-01
1.118978e+00  2.461752e+00  3.294450e-01
1.113365e+00  2.449403e+00  2.708417e-01
9.221728e-01  2.028780e+00  4.071971e-03
1.249545e+00  2.748998e+00  1.663750e-01
9.093306e-01  2.000527e+00  1.047435e-01
8.123411e-01  1.787150e+00  8.066635e-02
9.123440e-01  2.007157e+00  1.065134e-01
8.109953e-01  1.784190e+00  9.733267e-02
8.491288e-01  1.868083e+00  1.101871e-01
1.263857e+00  2.780486e+00  1.265607e-01
1.080956e+00  2.378103e+00  2.867528e-01
1.101928e+00  2.424242e+00  6.990319e-04
9.597447e-01  2.111438e+00  -4.132348e-02
9.650673e-01  2.123148e+00  -1.969703e-02
8.564020e-01  1.884084e+00  3.749602e-03
1.226234e+00  2.697715e+00  9.423256e-02
1.060193e+00  2.332425e+00  1.347309e-01
1.119598e+00  2.463115e+00  1.600807e-01
1.031693e+00  2.269725e+00  -1.239707e-01
1.060655e+00  2.333441e+00  -1.020675e-01
1.231604e+00  2.709529e+00  1.703227e-02
1.090457e+00  2.399006e+00  1.764493e-01
8.229835e-01  1.810564e+00  6.744421e-02
1.090359e+00  2.398790e+00  3.324241e-01
1.064070e+00  2.340954e+00  1.659975e-01
8.567521e-01  1.884855e+00  4.613951e-02
8.715760e-01  1.917467e+00  1.038185e-01
1.007365e+00  2.216203e+00  7.982940e-02
9.460460e-01  2.081301e+00  2.298735e-02
1.088799e+00  2.395357e+00  2.588733e-01
1.122590e+00  2.469697e+00  2.484936e-01
8.338633e-01  1.834499e+00  8.198228e-02
8.597113e-01  1.891365e+00  1.033121e-01
9.114988e-01  2.005297e+00  1.439909e-02
1.077099e+00  2.369617e+00  2.281622e-01
9.899263e-01  2.177838e+00  7.692454e-02
1.122035e+00  2.468478e+00  1.544573e-01
6.940681e-01  1.526950e+00  9.857291e-02
6.725396e-01  1.479587e+00  9.607665e-02
1.012989e+00  2.228577e+00  8.319630e-02
6.353825e-01  1.397842e+00  1.065020e-01
9.746059e-01  2.144133e+00  9.086715e-02
1.121719e+00  2.467782e+00  1.652559e-01
1.196608e+00  2.632538e+00  1.126836e-01
9.703078e-01  2.134677e+00  1.433530e-01
1.111492e+00  2.445283e+00  1.623148e-01
6.429213e-01  1.414427e+00  1.046081e-01
1.224320e+00  2.693505e+00  9.353288e-02
6.855825e-01  1.508282e+00  1.034804e-01
9.713798e-01  2.137036e+00  1.416943e-01
7.067732e-01  1.554901e+00  9.848706e-02
9.605757e-01  2.113266e+00  1.497146e-01
6.399081e-01  1.407798e+00  1.057311e-01
1.227647e+00  2.700824e+00  1.077415e-01
8.756865e-01  1.926510e+00  1.235488e-01
8.149805e-01  1.792957e+00  4.143995e-02
1.089570e+00  2.397054e+00  1.546790e-01
1.217697e+00  2.678933e+00  1.086046e-01
7.706609e-01  1.695454e+00  9.365716e-02
8.530900e-01  1.876798e+00  -5.114811e-02
9.294052e-01  2.044691e+00  1.807574e-01
9.377305e-01  2.063007e+00  1.462175e-01
1.085442e+00  2.387972e+00  2.816490e-01
1.087120e+00  2.391664e+00  2.304844e-01
8.510625e-01  1.872338e+00  -2.194553e-03
8.869777e-01  1.951351e+00  1.250630e-01
1.227257e+00  2.699966e+00  1.118339e-01
9.618295e-01  2.116025e+00  1.238136e-01
7.528766e-01  1.656329e+00  8.963153e-02
9.603013e-01  2.112663e+00  1.332566e-01
7.386096e-01  1.624941e+00  9.893171e-02
9.011478e-01  1.982525e+00  1.260162e-01
1.244185e+00  2.737207e+00  1.016414e-01
8.523268e-01  1.875119e+00  1.281972e-01
1.228738e+00  2.703224e+00  1.059828e-01
7.806950e-01  1.717529e+00  1.032124e-01
7.415727e-01  1.631460e+00  6.988221e-02
1.087650e+00  2.392829e+00  1.508928e-01
1.257662e+00  2.766857e+00  1.079260e-01
8.369470e-01  1.841283e+00  1.397404e-01
8.632716e-01  1.899198e+00  1.316355e-01
7.839857e-01  1.724769e+00  1.194594e-01
7.924192e-01  1.743322e+00  1.087919e-01
1.266223e+00  2.785690e+00  1.036691e-01
8.489461e-01  1.867681e+00  1.234760e-01
7.725157e-01  1.699534e+00  6.288519e-02
8.698087e-01  1.913579e+00  1.364267e-01
1.088437e+00  2.394562e+00  1.613751e-01
8.433777e-01  1.855431e+00  1.298083e-01
1.077983e+00  2.371563e+00  1.677199e-01
8.466922e-01  1.862723e+00  1.383900e-01
7.547251e-01  1.660395e+00  6.835330e-02
1.101356e+00  2.422984e+00  -7.429678e-02
9.322133e-01  2.050869e+00  -5.809421e-02
1.116430e+00  2.456146e+00  9.967103e-02
8.636387e-01  1.900005e+00  8.164778e-02
9.744040e-01  2.143689e+00  1.008468e-01
1.033432e+00  2.273550e+00  5.219242e-02
9.213568e-01  2.026985e+00  4.125683e-02
1.280691e+00  2.817520e+00  3.264969e-01
1.263718e+00  2.780180e+00  2.275112e-01
1.035004e+00  2.277010e+00  1.005779e-01
1.181004e+00  2.598208e+00  2.525544e-01
1.037676e+00  2.282886e+00  1.150602e-01
8.769428e-01  1.929274e+00  -3.103710e-02
8.680905e-01  1.909799e+00  3.144445e-02
1.211263e+00  2.664779e+00  2.910651e-01
1.099845e+00  2.419660e+00  1.520947e-01
8.310575e-01  1.828327e+00  -3.655425e-02
1.089828e+00  2.397621e+00  -1.273205e-01
1.211416e+00  2.665115e+00  1.944972e-01
1.233535e+00  2.713777e+00  1.547566e-01
1.236304e+00  2.719868e+00  2.554852e-01
9.998560e-01  2.199683e+00  -1.068798e-01
1.227368e+00  2.700209e+00  6.994902e-02
1.152179e+00  2.534793e+00  -1.354657e-01
1.256231e+00  2.763707e+00  4.456403e-05
1.174458e+00  2.583808e+00  8.572064e-02
1.227613e+00  2.700748e+00  1.655614e-01
9.608913e-01  2.113961e+00  1.457357e-01
6.708965e-01  1.475972e+00  1.042465e-01
1.051605e+00  2.313530e+00  1.499622e-01
7.955915e-01  1.750301e+00  4.960280e-02
1.074528e+00  2.363961e+00  1.276294e-01
1.058409e+00  2.328499e+00  1.361778e-01
7.732033e-01  1.701047e+00  9.422633e-02
1.245747e+00  2.740644e+00  1.544118e-01
1.239825e+00  2.727616e+00  1.430793e-01
1.077940e+00  2.371469e+00  1.269039e-01
1.190080e+00  2.618177e+00  1.392933e-01
1.004026e+00  2.208858e+00  1.355712e-01
7.687835e-01  1.691324e+00  8.860918e-02
7.902350e-01  1.738517e+00  8.910259e-02
1.201032e+00  2.642271e+00  1.512620e-01
1.208717e+00  2.659176e+00  1.283435e-01
9.897942e-01  2.177547e+00  1.196170e-01
1.082065e+00  2.380544e+00  1.189439e-01
1.258616e+00  2.768956e+00  1.488286e-01
8.297182e-01  1.825380e+00  8.133718e-02
8.471309e-01  1.863688e+00  7.450653e-02
1.072018e+00  2.358440e+00  1.188229e-01
8.137004e-01  1.790141e+00  -6.475877e-04
1.071386e+00  2.357050e+00  1.348383e-01
1.251617e+00  2.753558e+00  2.287337e-01
1.252040e+00  2.754488e+00  1.884411e-01
8.301823e-01  1.826401e+00  5.167291e-02
7.973816e-01  1.754239e+00  3.933124e-02
1.089890e+00  2.397759e+00  3.036025e-01
9.739489e-01  2.142687e+00  1.734336e-03
1.116130e+00  2.455485e+00  2.101419e-01
7.763250e-01  1.707915e+00  6.295473e-02
1.019767e+00  2.243486e+00  6.589970e-02
1.015160e+00  2.233353e+00  3.878897e-02
1.127277e+00  2.480010e+00  2.945376e-01
7.739917e-01  1.702782e+00  3.754482e-02
9.064107e-01  1.994104e+00  1.138500e-01
1.058696e+00  2.329131e+00  1.292757e-01
1.079776e+00  2.375507e+00  2.701740e-01
7.707413e-01  1.695631e+00  1.315613e-02
9.342772e-01  2.055410e+00  1.025300e-01
8.110885e-01  1.784395e+00  1.133435e-01
8.485651e-01  1.866843e+00  9.967721e-02
9.521628e-01  2.094758e+00  1.258106e-01
1.282400e+00  2.821280e+00  1.589134e-01
1.269610e+00  2.793143e+00  1.655269e-01
8.331660e-01  1.832965e+00  1.099638e-01
1.226493e+00  2.698285e+00  1.318332e-01
8.274998e-01  1.820500e+00  1.031726e-01
9.564441e-01  2.104177e+00  1.011806e-01
9.333862e-01  2.053450e+00  1.194631e-01
1.237586e+00  2.722690e+00  1.596417e-01
1.080969e+00  2.378132e+00  3.057302e-01
8.019557e-01  1.764302e+00  6.040816e-02
9.861524e-01  2.169535e+00  5.439459e-03
7.236251e-01  1.591975e+00  5.588643e-02
1.015007e+00  2.233015e+00  5.202488e-02
9.322556e-01  2.050962e+00  9.435705e-02
1.119117e+00  2.462058e+00  3.309321e-01
9.726863e-01  2.139910e+00  -6.300970e-02
1.023953e+00  2.252696e+00  -3.435368e-02
9.138217e-01  2.010408e+00  3.457924e-02
1.089236e+00  2.396319e+00  3.293294e-01
7.155865e-01  1.574290e+00  7.721786e-02
1.119889e+00  2.463756e+00  2.068619e-01
1.052644e+00  2.315817e+00  7.922705e-02
1.014302e+00  2.231464e+00  6.871903e-02
1.089331e+00  2.396527e+00  2.230601e-01
7.398343e-01  1.627635e+00  7.874542e-02
1.187144e+00  2.611717e+00  -1.108434e-01
9.835506e-01  2.163811e+00  1.963472e-02
1.116874e+00  2.457122e+00  2.599004e-01
9.847852e-01  2.166528e+00  1.109153e-01
6.880295e-01  1.513665e+00  9.393937e-02
1.114123e+00  2.451070e+00  1.624361e-01
1.063763e+00  2.340279e+00  1.632469e-01
7.640954e-01  1.681010e+00  1.206975e-01
8.226319e-01  1.809790e+00  6.296383e-02
6.584938e-01  1.448686e+00  9.333108e-02
1.071655e+00  2.357642e+00  7.316160e-02
7.778661e-01  1.711305e+00  1.211737e-01
1.117537e+00  2.458581e+00  1.711760e-01
8.196029e-01  1.803126e+00  7.508688e-02
8.097210e-01  1.781386e+00  7.123536e-02
7.890011e-01  1.735802e+00  1.250834e-01
1.074639e+00  2.364206e+00  1.759085e-01
7.281802e-01  1.601996e+00  7.455003e-02
1.115414e+00  2.453911e+00  1.595908e-01
1.062251e+00  2.336952e+00  8.117997e-02
1.077781e+00  2.371119e+00  8.103437e-02
1.073823e+00  2.362411e+00  1.564539e-01
7.200324e-01  1.584071e+00  7.800622e-02
8.355779e-01  1.838271e+00  8.864666e-02
7.768197e-01  1.709003e+00  1.238482e-01
1.107872e+00  2.437318e+00  1.702603e-01
1.067629e+00  2.348783e+00  1.374298e-01
7.123228e-01  1.567110e+00  5.061951e-02
1.097905e+00  2.415392e+00  1.823391e-01
7.046562e-01  1.550244e+00  9.213314e-02
1.117997e+00  2.459593e+00  2.507432e-01
1.027272e+00  2.259999e+00  1.759092e-01
1.181004e+00  2.598208e+00  2.525544e-01
1.037676e+00  2.282886e+00  1.150602e-01
9.721067e-01  2.138635e+00  6.531536e-02
1.280691e+00  2.817520e+00  3.264969e-01
9.213568e-01  2.026985e+00  4.125683e-02
8.680905e-01  1.909799e+00  3.144445e-02
1.035004e+00  2.277010e+00  1.005779e-01
8.636387e-01  1.900005e+00  8.164778e-02
9.744040e-01  2.143689e+00  1.008468e-01
1.281024e+00  2.818254e+00  1.583049e-01
1.263718e+00  2.780180e+00  2.275112e-01
8.706616e-01  1.915455e+00  7.615478e-02
1.227368e+00  2.700209e+00  6.994902e-02
1.152179e+00  2.534793e+00  -1.354657e-01
9.068617e-01  1.995096e+00  -7.791906e-02
1.233535e+00  2.713777e+00  1.547566e-01
1.211416e+00  2.665115e+00  1.944972e-01
1.174458e+00  2.583808e+00  8.572064e-02
9.998560e-01  2.199683e+00  -1.068798e-01
1.099845e+00  2.419660e+00  1.520947e-01
8.310575e-01  1.828327e+00  -3.655425e-02
1.230852e+00  2.707874e+00  2.487439e-01
1.236304e+00  2.719868e+00  2.554852e-01
1.113937e+00  2.450662e+00  1.627892e-01
7.445598e-01  1.638032e+00  7.632432e-02
1.028197e+00  2.262034e+00  1.136938e-01
1.106739e+00  2.434826e+00  3.097607e-01
1.227747e+00  2.701042e+00  -2.507089e-02
1.277761e+00  2.811074e+00  -1.520842e-01
1.083201e+00  2.383042e+00  -1.223336e-01
1.274616e+00  2.804155e+00  4.693582e-02
1.257322e+00  2.766108e+00  1.140799e-01
1.247774e+00  2.745103e+00  3.806694e-03
1.196204e+00  2.631649e+00  -1.410261e-01
1.109566e+00  2.441044e+00  1.549468e-01
9.615240e-01  2.115353e+00  -1.032825e-01
1.244570e+00  2.738054e+00  2.412740e-01
1.258533e+00  2.768772e+00  1.591636e-01
1.153860e+00  2.538493e+00  9.410144e-02
1.120365e+00  2.464804e+00  1.705781e-01
1.125191e+00  2.475420e+00  1.924320e-01
1.059048e+00  2.329905e+00  9.556432e-02
1.251608e+00  2.753537e+00  2.960421e-01
8.815340e-01  1.939375e+00  -1.687333e-02
8.323308e-01  1.831128e+00  -4.363055e-03
1.120774e+00  2.465702e+00  1.548467e-01
8.238931e-01  1.812565e+00  6.301767e-02
1.047278e+00  2.304012e+00  1.269801e-01
1.258874e+00  2.769522e+00  1.836798e-01
1.231294e+00  2.708848e+00  2.381520e-01
8.221681e-01  1.808770e+00  4.581530e-02
7.969075e-01  1.753196e+00  -4.960370e-02
1.089631e+00  2.397187e+00  2.447029e-01
1.089590e+00  2.397098e+00  2.464654e-02
1.118432e+00  2.460550e+00  6.359962e-02
1.116155e+00  2.455540e+00  1.566953e-01
9.999941e-01  2.199987e+00  -4.963298e-02
1.129065e+00  2.483942e+00  -6.917962e-02
1.033356e+00  2.273384e+00  -2.327169e-02
8.371622e-01  1.841757e+00  -1.679351e-02
1.127834e+00  2.481236e+00  2.640681e-01
1.263566e+00  2.779845e+00  -1.007981e-01
1.247091e+00  2.743601e+00  -3.719583e-02
1.308096e+00  2.877812e+00  -1.198419e-01
1.291349e+00  2.840968e+00  -2.236168e-02
1.321185e+00  2.906608e+00  -1.262651e-01
1.287537e+00  2.832582e+00  -1.497302e-01
1.301708e+00  2.863758e+00  -4.459131e-02
1.056557e+00  2.324425e+00  -5.917073e-02
1.197711e+00  2.634964e+00  -5.584312e-02
1.283276e+00  2.823207e+00  1.903530e-01
1.271674e+00  2.797684e+00  7.749420e-02
1.168714e+00  2.571170e+00  -1.198468e-01
8.827504e-01  1.942051e+00  -6.085382e-02
1.078992e+00  2.373782e+00  2.669923e-01
8.987762e-01  1.977308e+00  2.634046e-02
6.388409e-01  1.405450e+00  9.574037e-02
1.039817e+00  2.287598e+00  1.492815e-01
1.146905e+00  2.523191e+00  7.821083e-02
1.073823e+00  2.362411e+00  1.564539e-01
1.071655e+00  2.357642e+00  7.316160e-02
1.077215e+00  2.369872e+00  1.946509e-01
7.108953e-01  1.563970e+00  7.027337e-02
1.138412e+00  2.504505e+00  1.034206e-01
1.125526e+00  2.476158e+00  8.503968e-02
1.083927e+00  2.384640e+00  1.558628e-01
6.570562e-01  1.445524e+00  9.055657e-02
1.108251e+00  2.438151e+00  2.032305e-01
7.200324e-01  1.584071e+00  7.800622e-02
1.062251e+00  2.336952e+00  8.117997e-02
1.048072e+00  2.305759e+00  7.813298e-02
6.584938e-01  1.448686e+00  9.333108e-02
1.115414e+00  2.453911e+00  1.595908e-01
1.043857e+00  2.296486e+00  1.063184e-01
1.057626e+00  2.326778e+00  1.722772e-01
6.875128e-01  1.512528e+00  8.239055e-02
9.668483e-01  2.127066e+00  9.542554e-02
1.082585e+00  2.381687e+00  1.671482e-01
6.976489e-01  1.534828e+00  8.967431e-02
7.617545e-01  1.675860e+00  1.171413e-02
1.089236e+00  2.396319e+00  3.293294e-01
9.861524e-01  2.169535e+00  5.439459e-03
1.002765e+00  2.206083e+00  1.151631e-01
1.225324e+00  2.695714e+00  2.181180e-01
1.102295e+00  2.425049e+00  2.659826e-01
9.138217e-01  2.010408e+00  3.457924e-02
9.726863e-01  2.139910e+00  -6.300970e-02
9.277989e-01  2.041158e+00  -1.226693e-02
1.119117e+00  2.462058e+00  3.309321e-01
8.019557e-01  1.764302e+00  6.040816e-02
1.099785e+00  2.419527e+00  4.897070e-02
9.385311e-01  2.064768e+00  -1.062312e-01
1.234596e+00  2.716111e+00  1.244455e-01
1.194218e+00  2.627279e+00  1.739238e-01
7.837561e-01  1.724263e+00  -5.582852e-02
1.080033e+00  2.376073e+00  1.366384e-01
8.126638e-01  1.787860e+00  1.926777e-03
1.065372e+00  2.343817e+00  3.099454e-01
8.718624e-01  1.918097e+00  9.520853e-02
1.105018e+00  2.431039e+00  2.313632e-02
1.073644e+00  2.362016e+00  1.577853e-01
8.436294e-01  1.855985e+00  -8.276606e-02
7.969075e-01  1.753196e+00  -4.960370e-02
1.116155e+00  2.455540e+00  1.566953e-01
1.118432e+00  2.460550e+00  6.359962e-02
1.139905e+00  2.507791e+00  -5.149598e-02
1.234526e+00  2.715957e+00  1.244323e-01
1.247774e+00  2.745103e+00  3.806694e-03
1.274616e+00  2.804155e+00  4.693582e-02
1.196204e+00  2.631649e+00  -1.410261e-01
1.083201e+00  2.383042e+00  -1.223336e-01
1.257322e+00  2.766108e+00  1.140799e-01
8.827504e-01  1.942051e+00  -6.085382e-02
1.153860e+00  2.538493e+00  9.410144e-02
1.244570e+00  2.738054e+00  2.412740e-01
1.214671e+00  2.672275e+00  1.427725e-01
9.615240e-01  2.115353e+00  -1.032825e-01
1.263566e+00  2.779845e+00  -1.007981e-01
1.247091e+00  2.743601e+00  -3.719583e-02
1.308096e+00  2.877812e+00  -1.198419e-01
1.291349e+00  2.840968e+00  -2.236168e-02
1.321185e+00  2.906608e+00  -1.262651e-01
1.287537e+00  2.832582e+00  -1.497302e-01
1.301708e+00  2.863758e+00  -4.459131e-02
1.056557e+00  2.324425e+00  -5.917073e-02
1.197711e+00  2.634964e+00  -5.584312e-02
1.283276e+00  2.823207e+00  1.903530e-01
1.271674e+00  2.797684e+00  7.749420e-02
1.168714e+00  2.571170e+00  -1.198468e-01
7.445598e-01  1.638032e+00  7.632432e-02
9.638039e-01  2.120369e+00  1.388675e-01
1.233603e+00  2.713926e+00  1.559958e-01
1.106739e+00  2.434826e+00  3.097607e-01
1.028197e+00  2.262034e+00  1.136938e-01
7.901440e-01  1.738317e+00  -2.212951e-02
1.225922e+00  2.697029e+00  2.310064e-01
1.207188e+00  2.655813e+00  1.886648e-01
7.352845e-01  1.617626e+00  3.685716e-02
1.023656e+00  2.252044e+00  1.637807e-01
1.120365e+00  2.464804e+00  1.705781e-01
1.125191e+00  2.475420e+00  1.924320e-01
1.059048e+00  2.329905e+00  9.556432e-02
1.251608e+00  2.753537e+00  2.960421e-01
8.815340e-01  1.939375e+00  -1.687333e-02
8.323308e-01  1.831128e+00  -4.363055e-03
1.120774e+00  2.465702e+00  1.548467e-01
8.238931e-01  1.812565e+00  6.301767e-02
1.047278e+00  2.304012e+00  1.269801e-01
1.258874e+00  2.769522e+00  1.836798e-01
1.231294e+00  2.708848e+00  2.381520e-01
8.221681e-01  1.808770e+00  4.581530e-02
1.109566e+00  2.441044e+00  1.549468e-01
1.022707e+00  2.249955e+00  1.962332e-01
7.398452e-01  1.627659e+00  -2.220596e-03
7.617545e-01  1.675860e+00  1.171413e-02
1.002765e+00  2.206083e+00  1.151631e-01
1.225324e+00  2.695714e+00  2.181180e-01
1.099785e+00  2.419527e+00  4.897070e-02
9.385311e-01  2.064768e+00  -1.062312e-01
1.234596e+00  2.716111e+00  1.244455e-01
1.194218e+00  2.627279e+00  1.739238e-01
1.080033e+00  2.376073e+00  1.366384e-01
7.837561e-01  1.724263e+00  -5.582852e-02
1.105018e+00  2.431039e+00  2.313632e-02
1.073644e+00  2.362016e+00  1.577853e-01
8.436294e-01  1.855985e+00  -8.276606e-02
6.388409e-01  1.405450e+00  9.574037e-02
1.039817e+00  2.287598e+00  1.492815e-01
1.146905e+00  2.523191e+00  7.821083e-02
1.077215e+00  2.369872e+00  1.946509e-01
7.108953e-01  1.563970e+00  7.027337e-02
1.138412e+00  2.504505e+00  1.034206e-01
1.125526e+00  2.476158e+00  8.503968e-02
6.570562e-01  1.445524e+00  9.055657e-02
1.083927e+00  2.384640e+00  1.558628e-01
1.043857e+00  2.296486e+00  1.063184e-01
1.057626e+00  2.326778e+00  1.722772e-01
6.875128e-01  1.512528e+00  8.239055e-02
7.973816e-01  1.754239e+00  3.933124e-02
9.064107e-01  1.994104e+00  1.138500e-01
1.116130e+00  2.455485e+00  2.101419e-01
9.342772e-01  2.055410e+00  1.025300e-01
8.110885e-01  1.784395e+00  1.133435e-01
8.485651e-01  1.866843e+00  9.967721e-02
9.521628e-01  2.094758e+00  1.258106e-01
1.282400e+00  2.821280e+00  1.589134e-01
1.269610e+00  2.793143e+00  1.655269e-01
8.331660e-01  1.832965e+00  1.099638e-01
1.226493e+00  2.698285e+00  1.318332e-01
8.274998e-01  1.820500e+00  1.031726e-01
9.564441e-01  2.104177e+00  1.011806e-01
9.333862e-01  2.053450e+00  1.194631e-01
1.237586e+00  2.722690e+00  1.596417e-01
1.191676e+00  2.621687e+00  1.376678e-01
7.442048e-01  1.637250e+00  9.543220e-02
8.471309e-01  1.863688e+00  7.450653e-02
1.258616e+00  2.768956e+00  1.488286e-01
1.072018e+00  2.358440e+00  1.188229e-01
1.082065e+00  2.380544e+00  1.189439e-01
8.297182e-01  1.825380e+00  8.133718e-02
1.058696e+00  2.329131e+00  1.292757e-01
8.301823e-01  1.826401e+00  5.167291e-02
1.251617e+00  2.753558e+00  2.287337e-01
1.236229e+00  2.719703e+00  1.637801e-01
1.071386e+00  2.357050e+00  1.348383e-01
9.608913e-01  2.113961e+00  1.457357e-01
9.892041e-01  2.176249e+00  1.513893e-01
7.975198e-01  1.754544e+00  2.945148e-02
1.051605e+00  2.313530e+00  1.499622e-01
9.752453e-01  2.145540e+00  1.351616e-01
8.049069e-01  1.770795e+00  4.226283e-02
8.041888e-01  1.769215e+00  1.661135e-02
1.051297e+00  2.312853e+00  1.748076e-01
9.554602e-01  2.102012e+00  1.579364e-01
6.708965e-01  1.475972e+00  1.042465e-01
8.137004e-01  1.790141e+00  -6.475877e-04
1.038282e+00  2.284220e+00  2.096379e-01
9.702811e-01  2.134618e+00  1.621027e-01
7.955915e-01  1.750301e+00  4.960280e-02
1.074528e+00  2.363961e+00  1.276294e-01
1.058409e+00  2.328499e+00  1.361778e-01
7.732033e-01  1.701047e+00  9.422633e-02
1.245747e+00  2.740644e+00  1.544118e-01
1.239825e+00  2.727616e+00  1.430793e-01
1.077940e+00  2.371469e+00  1.269039e-01
1.190080e+00  2.618177e+00  1.392933e-01
1.004026e+00  2.208858e+00  1.355712e-01
7.687835e-01  1.691324e+00  8.860918e-02
7.902350e-01  1.738517e+00  8.910259e-02
1.201032e+00  2.642271e+00  1.512620e-01
1.063763e+00  2.340279e+00  1.632469e-01
7.640954e-01  1.681010e+00  1.206975e-01
8.226319e-01  1.809790e+00  6.296383e-02
7.778661e-01  1.711305e+00  1.211737e-01
1.117537e+00  2.458581e+00  1.711760e-01
8.196029e-01  1.803126e+00  7.508688e-02
8.097210e-01  1.781386e+00  7.123536e-02
1.074639e+00  2.364206e+00  1.759085e-01
7.890011e-01  1.735802e+00  1.250834e-01
8.355779e-01  1.838271e+00  8.864666e-02
7.768197e-01  1.709003e+00  1.238482e-01
1.107872e+00  2.437318e+00  1.702603e-01
1.080969e+00  2.378132e+00  3.057302e-01
7.236251e-01  1.591975e+00  5.588643e-02
1.015007e+00  2.233015e+00  5.202488e-02
7.155865e-01  1.574290e+00  7.721786e-02
1.119889e+00  2.463756e+00  2.068619e-01
1.052644e+00  2.315817e+00  7.922705e-02
1.014302e+00  2.231464e+00  6.871903e-02
7.398343e-01  1.627635e+00  7.874542e-02
1.089331e+00  2.396527e+00  2.230601e-01
9.847852e-01  2.166528e+00  1.109153e-01
6.880295e-01  1.513665e+00  9.393937e-02
1.114123e+00  2.451070e+00  1.624361e-01
1.078335e+00  2.372336e+00  3.188308e-01
7.383712e-01  1.624417e+00  5.291628e-02
9.504862e-01  2.091070e+00  1.293724e-01
1.015159e+00  2.233350e+00  1.043642e-01
7.687088e-01  1.691159e+00  1.020430e-01
7.684472e-01  1.690584e+00  9.766756e-02
1.023510e+00  2.251722e+00  1.370734e-01
1.261945e+00  2.776278e+00  1.668785e-01
1.248005e+00  2.745611e+00  1.602196e-01
7.636885e-01  1.680115e+00  1.025787e-01
1.212351e+00  2.667173e+00  1.285778e-01
7.488125e-01  1.647388e+00  1.002310e-01
1.025757e+00  2.256666e+00  1.143623e-01
1.010319e+00  2.222703e+00  1.322502e-01
1.221020e+00  2.686243e+00  1.665791e-01
1.029380e+00  2.264635e+00  1.568862e-01
8.433777e-01  1.855431e+00  1.298083e-01
7.578259e-01  1.667217e+00  5.769689e-02
8.568536e-01  1.885078e+00  1.296238e-01
1.088437e+00  2.394562e+00  1.613751e-01
7.547251e-01  1.660395e+00  6.835330e-02
7.394961e-01  1.626891e+00  6.491847e-02
8.698087e-01  1.913579e+00  1.364267e-01
1.041161e+00  2.290554e+00  1.682715e-01
7.570015e-01  1.665403e+00  8.500339e-02
8.466922e-01  1.862723e+00  1.383900e-01
1.077986e+00  2.371569e+00  1.677997e-01
9.641509e-01  2.121132e+00  1.478956e-01
9.883083e-01  2.174278e+00  1.991927e-01
8.927980e-01  1.964156e+00  1.218449e-01
8.748579e-01  1.924687e+00  7.847914e-02
1.238722e+00  2.725187e+00  1.980738e-01
1.266472e+00  2.786238e+00  2.593414e-01
9.898722e-01  2.177719e+00  9.061921e-02
9.091412e-01  2.000111e+00  6.704580e-02
9.067274e-01  1.994800e+00  8.885687e-02
1.284519e+00  2.825941e+00  1.919247e-01
8.032011e-01  1.767042e+00  7.545021e-02
1.231878e+00  2.710131e+00  1.814663e-01
1.023879e+00  2.252535e+00  1.002940e-01
9.861175e-01  2.169459e+00  1.019797e-01
8.381521e-01  1.843935e+00  8.999308e-02
7.584309e-01  1.668548e+00  1.249693e-01
8.369470e-01  1.841283e+00  1.397404e-01
1.265322e+00  2.783708e+00  9.849425e-02
8.687559e-01  1.911263e+00  1.183184e-01
7.839857e-01  1.724769e+00  1.194594e-01
1.266223e+00  2.785690e+00  1.036691e-01
1.256980e+00  2.765355e+00  1.086886e-01
7.576066e-01  1.666734e+00  1.265448e-01
8.632716e-01  1.899198e+00  1.316355e-01
1.218004e+00  2.679609e+00  1.289445e-01
8.489461e-01  1.867681e+00  1.234760e-01
7.644605e-01  1.681813e+00  1.159574e-01
7.584309e-01  1.668548e+00  1.249693e-01
8.687559e-01  1.911263e+00  1.183184e-01
1.004979e+00  2.210953e+00  2.832031e-02
9.141917e-01  2.011222e+00  3.463546e-02
9.067274e-01  1.994800e+00  8.885687e-02
9.898722e-01  2.177719e+00  9.061921e-02
1.284519e+00  2.825941e+00  1.919247e-01
1.266472e+00  2.786238e+00  2.593414e-01
9.091412e-01  2.000111e+00  6.704580e-02
1.218004e+00  2.679609e+00  1.289445e-01
8.381521e-01  1.843935e+00  8.999308e-02
1.023879e+00  2.252535e+00  1.002940e-01
1.018183e+00  2.240002e+00  1.019110e-01
1.231878e+00  2.710131e+00  1.814663e-01
9.883083e-01  2.174278e+00  1.991927e-01
9.294052e-01  2.044691e+00  1.807574e-01
8.248976e-01  1.814775e+00  -3.563061e-02
8.927980e-01  1.964156e+00  1.218449e-01
1.085442e+00  2.387972e+00  2.816490e-01
8.510625e-01  1.872338e+00  -2.194553e-03
8.196305e-01  1.803187e+00  8.373215e-03
1.018559e+00  2.240831e+00  2.372601e-01
9.377305e-01  2.063007e+00  1.462175e-01
8.032011e-01  1.767042e+00  7.545021e-02
8.869777e-01  1.951351e+00  1.250630e-01
1.070118e+00  2.354260e+00  1.955970e-01
1.029380e+00  2.264635e+00  1.568862e-01
8.568536e-01  1.885078e+00  1.296238e-01
9.688761e-01  2.131527e+00  1.164722e-01
1.208506e+00  2.658714e+00  1.701619e-01
1.248005e+00  2.745611e+00  1.602196e-01
1.023510e+00  2.251722e+00  1.370734e-01
7.636885e-01  1.680115e+00  1.025787e-01
7.684472e-01  1.690584e+00  9.766756e-02
1.261945e+00  2.776278e+00  1.668785e-01
7.570015e-01  1.665403e+00  8.500339e-02
1.221020e+00  2.686243e+00  1.665791e-01
1.025757e+00  2.256666e+00  1.143623e-01
1.022182e+00  2.248799e+00  1.269181e-01
7.488125e-01  1.647388e+00  1.002310e-01
7.383712e-01  1.624417e+00  5.291628e-02
9.603013e-01  2.112663e+00  1.332566e-01
1.239712e+00  2.727366e+00  1.574502e-01
9.504862e-01  2.091070e+00  1.293724e-01
7.528766e-01  1.656329e+00  8.963153e-02
1.244185e+00  2.737207e+00  1.016414e-01
1.241031e+00  2.730268e+00  1.294617e-01
9.618295e-01  2.116025e+00  1.238136e-01
7.574543e-01  1.666399e+00  6.933547e-02
1.212351e+00  2.667173e+00  1.285778e-01
9.011478e-01  1.982525e+00  1.260162e-01
7.718973e-01  1.698174e+00  8.501842e-02
8.362786e-01  1.839813e+00  1.367616e-01
9.469869e-01  2.083371e+00  1.721689e-01
3.394258e-01
3.322510e-01
3.209319e-01
3.452800e-01
3.256575e-01
5.770525e-01
5.823192e-01
5.756630e-01
5.732137e-01
5.778802e-01
5.823192e-01
5.732137e-01
5.756630e-01
5.770525e-01
5.778802e-01
3.256575e-01
3.209319e-01
3.394258e-01
3.322510e-01
3.452800e-01
3.588094e-01
3.402779e-01
3.466261e-01
3.493247e-01
3.483429e-01
4.016299e-01
3.776632e-01
3.563356e-01
4.075691e-01
3.737269e-01
3.776632e-01
4.075691e-01
3.563356e-01
4.016299e-01
3.737269e-01
3.483429e-01
3.466261e-01
3.588094e-01
3.402779e-01
3.493247e-01
3.605815e-01
3.606517e-01
3.631096e-01
3.488078e-01
3.761674e-01
3.064478e-01
3.254039e-01
3.265916e-01
3.105004e-01
3.123261e-01
3.254039e-01
3.105004e-01
3.265916e-01
3.064478e-01
3.123261e-01
3.761674e-01
3.631096e-01
3.605815e-01
3.606517e-01
3.488078e-01
4.311956e-01
3.772545e-01
4.713531e-01
5.045958e-01
4.437980e-01
3.916213e-01
3.112515e-01
3.065877e-01
3.658208e-01
3.795376e-01
3.193218e-01
3.088291e-01
3.446411e-01
4.005892e-01
3.884193e-01
3.379760e-01
3.193471e-01
3.231918e-01
3.590433e-01
4.379968e-01
3.600642e-01
3.587136e-01
3.604198e-01
4.211116e-01
3.256308e-01
3.836171e-01
3.406194e-01
3.423019e-01
4.173862e-01
3.281710e-01
3.772545e-01
4.311956e-01
4.713531e-01
5.045958e-01
3.916213e-01
4.437980e-01
4.447997e-01
5.096435e-01
5.977148e-01
5.239465e-01
4.284224e-01
4.959438e-01
5.839743e-01
5.818166e-01
7.021563e-01
5.879823e-01
5.904672e-01
6.950378e-01
3.678190e-01
4.523380e-01
3.632221e-01
3.959662e-01
4.501362e-01
4.004946e-01
5.439120e-01
6.472479e-01
5.493630e-01
5.819455e-01
5.818421e-01
6.990889e-01
5.879823e-01
5.904672e-01
6.950378e-01
7.021563e-01
5.839743e-01
5.818166e-01
4.284224e-01
4.959438e-01
5.239465e-01
4.447997e-01
5.096435e-01
5.977148e-01
5.493630e-01
6.990889e-01
5.818421e-01
6.472479e-01
5.439120e-01
5.819455e-01
3.632221e-01
3.678190e-01
4.004946e-01
3.959662e-01
4.501362e-01
4.523380e-01
3.379760e-01
3.193471e-01
3.884193e-01
4.005892e-01
3.446411e-01
3.231918e-01
3.193218e-01
3.795376e-01
3.658208e-01
3.112515e-01
3.065877e-01
3.088291e-01
3.406194e-01
3.256308e-01
3.281710e-01
3.423019e-01
4.173862e-01
3.836171e-01
3.600642e-01
4.211116e-01
3.604198e-01
4.379968e-01
3.590433e-01
3.587136e-01
3.912237e-01
3.667884e-01
4.273197e-01
3.710392e-01
3.784977e-01
4.759546e-01
3.227281e-01
3.696341e-01
3.198730e-01
3.070832e-01
3.077457e-01
3.768147e-01
3.381130e-01
3.985178e-01
3.507874e-01
4.275547e-01
3.493973e-01
3.433434e-01
3.784977e-01
3.710392e-01
3.912237e-01
4.759546e-01
4.273197e-01
3.667884e-01
4.000811e-01
4.056187e-01
4.614102e-01
4.581143e-01
5.576432e-01
4.465070e-01
3.289723e-01
3.373417e-01
3.543170e-01
3.437834e-01
3.986668e-01
4.124113e-01
3.373417e-01
3.543170e-01
4.124113e-01
3.437834e-01
3.986668e-01
3.289723e-01
4.465070e-01
4.000811e-01
4.056187e-01
4.581143e-01
5.576432e-01
4.614102e-01
3.493973e-01
3.985178e-01
3.381130e-01
3.433434e-01
3.507874e-01
4.275547e-01
3.198730e-01
3.696341e-01
3.077457e-01
3.768147e-01
3.227281e-01
3.070832e-01
3.306513e-01
3.363255e-01
3.863004e-01
3.212882e-01
3.471567e-01
4.078275e-01
3.471567e-01
3.212882e-01
3.306513e-01
4.078275e-01
3.863004e-01
3.363255e-01
3.560500e-01
3.495914e-01
3.775717e-01
3.699547e-01
3.685027e-01
3.584749e-01
3.103806e-01
3.193595e-01
3.354202e-01
3.202700e-01
3.062808e-01
3.103019e-01
3.074418e-01
3.191541e-01
3.222106e-01
3.064629e-01
3.083153e-01
3.063636e-01
3.590218e-01
3.699392e-01
3.533675e-01
3.433699e-01
3.535701e-01
3.593746e-01
3.291055e-01
3.388206e-01
3.427943e-01
3.405560e-01
3.657619e-01
3.269853e-01
5.009375e-01
5.530721e-01
5.322426e-01
5.893643e-01
5.096056e-01
5.574314e-01
5.594290e-01
5.796763e-01
6.130477e-01
5.700469e-01
5.479496e-01
5.699022e-01
5.663633e-01
5.632826e-01
5.876199e-01
5.770828e-01
5.732270e-01
6.071215e-01
4.656022e-01
5.387435e-01
4.630765e-01
5.330939e-01
5.182006e-01
5.325631e-01
5.877948e-01
6.140047e-01
5.849681e-01
5.761404e-01
5.800662e-01
6.014105e-01
5.770828e-01
5.732270e-01
6.071215e-01
5.876199e-01
5.663633e-01
5.632826e-01
5.479496e-01
5.699022e-01
5.700469e-01
5.594290e-01
5.796763e-01
6.130477e-01
5.849681e-01
6.014105e-01
6.140047e-01
5.877948e-01
5.800662e-01
5.761404e-01
4.630765e-01
5.330939e-01
5.182006e-01
4.656022e-01
5.325631e-01
5.387435e-01
3.064629e-01
3.083153e-01
3.222106e-01
3.191541e-01
3.074418e-01
3.063636e-01
3.062808e-01
3.202700e-01
3.354202e-01
3.103806e-01
3.193595e-01
3.103019e-01
3.427943e-01
3.405560e-01
3.657619e-01
3.291055e-01
3.269853e-01
3.388206e-01
3.533675e-01
3.593746e-01
3.699392e-01
3.590218e-01
3.535701e-01
3.433699e-01
3.687299e-01
3.623575e-01
3.771001e-01
3.709931e-01
3.613406e-01
3.550838e-01
3.098051e-01
3.241252e-01
3.311587e-01
3.390396e-01
3.113329e-01
3.278967e-01
3.466024e-01
3.569646e-01
3.772621e-01
3.512719e-01
3.489672e-01
3.462355e-01
4.030626e-01
4.057231e-01
4.391754e-01
3.810807e-01
3.760168e-01
3.755996e-01
4.030593e-01
3.912019e-01
4.010796e-01
4.778246e-01
4.531441e-01
4.324144e-01
3.497670e-01
3.482888e-01
3.798598e-01
3.624130e-01
3.639689e-01
3.717669e-01
3.624130e-01
3.639689e-01
3.717669e-01
3.798598e-01
3.497670e-01
3.482888e-01
4.531441e-01
4.324144e-01
4.778246e-01
4.030593e-01
3.912019e-01
4.010796e-01
3.512719e-01
3.489672e-01
3.772621e-01
3.569646e-01
3.466024e-01
3.462355e-01
3.113329e-01
3.390396e-01
3.311587e-01
3.098051e-01
3.241252e-01
3.278967e-01
3.570819e-01
3.577808e-01
3.706513e-01
3.711857e-01
3.464087e-01
3.477678e-01
3.137624e-01
3.033851e-01
3.239780e-01
3.196623e-01
3.086821e-01
3.039840e-01
5.530721e-01
5.009375e-01
5.893643e-01
5.096056e-01
5.574314e-01
5.322426e-01
3.527303e-01
4.456954e-01
4.345348e-01
4.432459e-01
3.563534e-01
3.766954e-01
4.642191e-01
4.712779e-01
4.327544e-01
4.186705e-01
4.633164e-01
4.723794e-01
4.508434e-01
4.758009e-01
5.041491e-01
3.788961e-01
3.748964e-01
3.675056e-01
5.576015e-01
6.258397e-01
5.745603e-01
5.785611e-01
5.074983e-01
6.057986e-01
3.314105e-01
3.216251e-01
3.593056e-01
3.328285e-01
3.426619e-01
3.390306e-01
3.429778e-01
4.108738e-01
4.057887e-01
3.790411e-01
3.187581e-01
3.446354e-01
3.711135e-01
3.920565e-01
3.079516e-01
3.067238e-01
3.204692e-01
3.672118e-01
3.947476e-01
3.874509e-01
4.203834e-01
3.129944e-01
3.227500e-01
3.180765e-01
3.592817e-01
4.218020e-01
4.066764e-01
3.646371e-01
3.437813e-01
4.412101e-01
3.622871e-01
3.589451e-01
3.692614e-01
3.780880e-01
3.489944e-01
3.485249e-01
4.219306e-01
3.640022e-01
3.590160e-01
4.165333e-01
4.478645e-01
3.689012e-01
3.680374e-01
3.695536e-01
3.872630e-01
3.074878e-01
3.209675e-01
3.110367e-01
3.430185e-01
3.970572e-01
3.935646e-01
3.663608e-01
3.411795e-01
4.081743e-01
3.617570e-01
3.612146e-01
3.938230e-01
3.705201e-01
3.604236e-01
3.617804e-01
5.574100e-01
4.634729e-01
3.895461e-01
4.741809e-01
5.472814e-01
4.278501e-01
3.414245e-01
3.637391e-01
4.127825e-01
4.213298e-01
3.962560e-01
3.549117e-01
3.153487e-01
3.217673e-01
3.296126e-01
3.555136e-01
3.308990e-01
3.372388e-01
3.733637e-01
3.107305e-01
3.084959e-01
3.670146e-01
3.886588e-01
3.185102e-01
3.562712e-01
3.714855e-01
4.324866e-01
4.456133e-01
4.377337e-01
3.522787e-01
3.495914e-01
3.560500e-01
3.699547e-01
3.685027e-01
3.775717e-01
3.584749e-01
4.186705e-01
4.712779e-01
4.642191e-01
4.723794e-01
4.327544e-01
4.633164e-01
4.345348e-01
4.456954e-01
3.563534e-01
3.527303e-01
3.766954e-01
4.432459e-01
6.258397e-01
5.745603e-01
6.057986e-01
5.074983e-01
5.785611e-01
5.576015e-01
3.675056e-01
4.508434e-01
4.758009e-01
3.748964e-01
3.788961e-01
5.041491e-01
3.673854e-01
3.934639e-01
3.850016e-01
3.767410e-01
3.848918e-01
3.532278e-01
5.886021e-01
6.997730e-01
6.941049e-01
6.670092e-01
5.658872e-01
6.135661e-01
5.221273e-01
6.012598e-01
4.300738e-01
4.047588e-01
4.128857e-01
5.694104e-01
4.828914e-01
5.101668e-01
5.018236e-01
4.761964e-01
4.977616e-01
4.393012e-01
3.555300e-01
4.381539e-01
4.602129e-01
3.821984e-01
3.723119e-01
4.596474e-01
4.778776e-01
5.487279e-01
5.105487e-01
4.741380e-01
5.487069e-01
5.364235e-01
5.826480e-01
7.421429e-01
7.034024e-01
6.953272e-01
5.748330e-01
5.932285e-01
6.412338e-01
7.327839e-01
5.745611e-01
5.315251e-01
5.528910e-01
6.909489e-01
4.663247e-01
5.039353e-01
6.504282e-01
6.586103e-01
5.608090e-01
5.465165e-01
3.470642e-01
3.591741e-01
3.686389e-01
3.694279e-01
3.449671e-01
3.557895e-01
4.339782e-01
3.566606e-01
3.604927e-01
4.377727e-01
4.537024e-01
3.714495e-01
3.522787e-01
3.714855e-01
4.377337e-01
4.456133e-01
4.324866e-01
3.562712e-01
4.074923e-01
4.796367e-01
4.399955e-01
4.804589e-01
4.204342e-01
4.893752e-01
4.741809e-01
3.895461e-01
4.634729e-01
5.574100e-01
5.472814e-01
4.278501e-01
5.026069e-01
5.212981e-01
6.804323e-01
7.170038e-01
6.306324e-01
5.375852e-01
4.741380e-01
5.487069e-01
5.364235e-01
5.487279e-01
5.105487e-01
4.778776e-01
5.658872e-01
6.997730e-01
6.670092e-01
6.941049e-01
5.886021e-01
6.135661e-01
5.608090e-01
6.586103e-01
5.465165e-01
4.663247e-01
5.039353e-01
6.504282e-01
7.034024e-01
6.953272e-01
7.421429e-01
5.748330e-01
5.932285e-01
5.826480e-01
5.315251e-01
6.412338e-01
6.909489e-01
5.528910e-01
5.745611e-01
7.327839e-01
3.532278e-01
3.767410e-01
3.848918e-01
3.673854e-01
3.934639e-01
3.850016e-01
4.393012e-01
5.018236e-01
4.828914e-01
5.101668e-01
4.761964e-01
4.977616e-01
4.381539e-01
4.596474e-01
3.723119e-01
3.555300e-01
3.821984e-01
4.602129e-01
4.047588e-01
4.128857e-01
5.694104e-01
6.012598e-01
5.221273e-01
4.300738e-01
4.204342e-01
4.893752e-01
4.804589e-01
4.796367e-01
4.074923e-01
4.399955e-01
6.306324e-01
5.026069e-01
5.375852e-01
6.804323e-01
7.170038e-01
5.212981e-01
3.449671e-01
3.686389e-01
3.470642e-01
3.591741e-01
3.694279e-01
3.557895e-01
3.566606e-01
3.714495e-01
4.377727e-01
4.537024e-01
4.339782e-01
3.604927e-01
3.485249e-01
3.489944e-01
3.692614e-01
3.589451e-01
3.622871e-01
3.780880e-01
3.110367e-01
3.872630e-01
3.680374e-01
3.695536e-01
3.074878e-01
3.209675e-01
3.970572e-01
4.081743e-01
3.411795e-01
3.430185e-01
3.663608e-01
3.935646e-01
3.874509e-01
3.947476e-01
4.203834e-01
3.180765e-01
3.227500e-01
3.129944e-01
3.640022e-01
4.219306e-01
4.165333e-01
3.689012e-01
3.590160e-01
4.478645e-01
3.426619e-01
3.328285e-01
3.593056e-01
3.390306e-01
3.216251e-01
3.314105e-01
4.218020e-01
3.592817e-01
3.437813e-01
4.066764e-01
4.412101e-01
3.646371e-01
4.057887e-01
3.790411e-01
4.108738e-01
3.187581e-01
3.446354e-01
3.429778e-01
3.067238e-01
3.711135e-01
3.672118e-01
3.204692e-01
3.079516e-01
3.920565e-01
3.308990e-01
3.296126e-01
3.153487e-01
3.217673e-01
3.555136e-01
3.372388e-01
3.107305e-01
3.185102e-01
3.670146e-01
3.886588e-01
3.733637e-01
3.084959e-01
3.604236e-01
3.617804e-01
3.705201e-01
3.612146e-01
3.617570e-01
3.938230e-01
3.962560e-01
3.414245e-01
3.549117e-01
4.127825e-01
4.213298e-01
3.637391e-01
4.057231e-01
3.760168e-01
3.755996e-01
3.810807e-01
4.391754e-01
4.030626e-01
3.554352e-01
3.657297e-01
3.384046e-01
3.471501e-01
3.657474e-01
3.436853e-01
3.797433e-01
3.671174e-01
3.873262e-01
3.104364e-01
3.351750e-01
3.255108e-01
3.319100e-01
3.808505e-01
3.749531e-01
3.501450e-01
3.262477e-01
3.926001e-01
3.205993e-01
3.307844e-01
3.356575e-01
3.444861e-01
3.355370e-01
3.602426e-01
3.670502e-01
3.071387e-01
3.149799e-01
3.740540e-01
3.856099e-01
3.213964e-01
3.623575e-01
3.613406e-01
3.771001e-01
3.687299e-01
3.550838e-01
3.709931e-01
3.720703e-01
3.880777e-01
4.239844e-01
3.846558e-01
3.962153e-01
4.413357e-01
3.649044e-01
4.597975e-01
4.205333e-01
4.267293e-01
3.738369e-01
3.725673e-01
4.206546e-01
4.582743e-01
3.698628e-01
3.617478e-01
3.703076e-01
4.257552e-01
3.033207e-01
3.253271e-01
3.036925e-01
3.171457e-01
3.191829e-01
3.123142e-01
3.343712e-01
3.397603e-01
4.121895e-01
4.456061e-01
4.107962e-01
3.366325e-01
3.036925e-01
3.171457e-01
3.123142e-01
3.253271e-01
3.033207e-01
3.191829e-01
3.738369e-01
4.597975e-01
4.267293e-01
4.205333e-01
3.649044e-01
3.725673e-01
4.107962e-01
4.456061e-01
3.366325e-01
3.343712e-01
3.397603e-01
4.121895e-01
3.962153e-01
3.846558e-01
3.720703e-01
3.880777e-01
4.413357e-01
4.239844e-01
3.617478e-01
3.703076e-01
4.257552e-01
4.582743e-01
4.206546e-01
3.698628e-01
3.355370e-01
3.356575e-01
3.307844e-01
3.205993e-01
3.602426e-01
3.444861e-01
3.671174e-01
3.797433e-01
3.873262e-01
3.255108e-01
3.351750e-01
3.104364e-01
3.071387e-01
3.670502e-01
3.740540e-01
3.213964e-01
3.149799e-01
3.856099e-01
3.471501e-01
3.384046e-01
3.657297e-01
3.436853e-01
3.554352e-01
3.657474e-01
3.808505e-01
3.319100e-01
3.262477e-01
3.749531e-01
3.926001e-01
3.501450e-01
3.033851e-01
3.086821e-01
3.039840e-01
3.196623e-01
3.239780e-01
3.137624e-01
3.577808e-01
3.464087e-01
3.706513e-01
3.570819e-01
3.477678e-01
3.711857e-01
3.505072e-01
3.504799e-01
3.358258e-01
3.161247e-01
3.255871e-01
5.567555e-01
5.902718e-01
5.864179e-01
5.737697e-01
5.795619e-01
5.864179e-01
5.795619e-01
5.737697e-01
5.902718e-01
5.567555e-01
3.255871e-01
3.161247e-01
3.358258e-01
3.505072e-01
3.504799e-01
3.540945e-01
3.533050e-01
3.400355e-01
3.445461e-01
3.623958e-01
4.210935e-01
3.660250e-01
3.748156e-01
4.365250e-01
3.703727e-01
3.748156e-01
3.703727e-01
4.365250e-01
3.623958e-01
3.445461e-01
3.400355e-01
3.617892e-01
3.635479e-01
3.063445e-01
3.155685e-01
4.560559e-01
5.086031e-01
3.739381e-01
4.575219e-01
5.187934e-01
3.724301e-01
3.161913e-01
3.355659e-01
3.138535e-01
3.723301e-01
3.951743e-01
3.110253e-01
3.542286e-01
3.529095e-01
4.119713e-01
3.891280e-01
3.116650e-01
3.760110e-01
3.599906e-01
4.510083e-01
4.246271e-01
3.230432e-01
3.486866e-01
3.748200e-01
4.238622e-01
3.739381e-01
3.724301e-01
4.560559e-01
4.575219e-01
5.187934e-01
5.086031e-01
4.240949e-01
3.952334e-01
5.700591e-01
6.091977e-01
5.062495e-01
5.069991e-01
5.797853e-01
5.578668e-01
5.773558e-01
7.137780e-01
7.047490e-01
3.636337e-01
3.665545e-01
4.578502e-01
4.450352e-01
4.899603e-01
5.431111e-01
6.336311e-01
7.026860e-01
5.578668e-01
5.797853e-01
5.902147e-01
7.047490e-01
7.137780e-01
5.773558e-01
3.952334e-01
4.240949e-01
5.069991e-01
5.062495e-01
6.091977e-01
5.431111e-01
4.899603e-01
7.026860e-01
3.665545e-01
3.636337e-01
4.578502e-01
3.529095e-01
3.542286e-01
3.116650e-01
3.891280e-01
4.119713e-01
3.183668e-01
3.355659e-01
3.161913e-01
3.951743e-01
3.723301e-01
3.138535e-01
3.486866e-01
3.230432e-01
3.748200e-01
3.599906e-01
3.760110e-01
4.246271e-01
4.170094e-01
3.681046e-01
3.404799e-01
3.333801e-01
3.735074e-01
3.121969e-01
3.325250e-01
3.552848e-01
3.879689e-01
3.801992e-01
3.614466e-01
3.845233e-01
4.542783e-01
3.957458e-01
4.537664e-01
3.181921e-01
3.322284e-01
4.295884e-01
3.322284e-01
3.181921e-01
3.565045e-01
4.295884e-01
4.542783e-01
3.845233e-01
4.537664e-01
3.552848e-01
3.325250e-01
3.879689e-01
3.436002e-01
3.333801e-01
3.404799e-01
3.735074e-01
3.283280e-01
3.132415e-01
3.553688e-01
3.467085e-01
3.709623e-01
3.831683e-01
3.506388e-01
3.225867e-01
3.183668e-01
3.276267e-01
3.623621e-01
3.548185e-01
3.278293e-01
3.538942e-01
5.193749e-01
5.948807e-01
6.159514e-01
5.443385e-01
5.902147e-01
5.971395e-01
4.443725e-01
4.317015e-01
5.834534e-01
5.958493e-01
6.159514e-01
5.971395e-01
5.700591e-01
5.443385e-01
5.958493e-01
5.834534e-01
5.948807e-01
4.317015e-01
4.443725e-01
5.193749e-01
3.276267e-01
3.225867e-01
3.110253e-01
3.506388e-01
3.538942e-01
3.278293e-01
3.709623e-01
3.548185e-01
3.623621e-01
3.831683e-01
3.801992e-01
3.614466e-01
4.021967e-01
3.725749e-01
3.097946e-01
3.321588e-01
3.459902e-01
3.436002e-01
3.639325e-01
3.741714e-01
4.170094e-01
3.681046e-01
5.058131e-01
3.847641e-01
4.729171e-01
3.911510e-01
5.417095e-01
3.582128e-01
3.565045e-01
3.683077e-01
3.582128e-01
3.911510e-01
3.683077e-01
4.729171e-01
3.957458e-01
5.417095e-01
3.639325e-01
3.741714e-01
3.459902e-01
3.121969e-01
3.097946e-01
3.321588e-01
3.553688e-01
3.467085e-01
3.845962e-01
3.617982e-01
3.283280e-01
3.132415e-01
3.328781e-01
3.263219e-01
4.716391e-01
4.450352e-01
5.575731e-01
6.336311e-01
4.134793e-01
3.839481e-01
4.401965e-01
4.395504e-01
3.660250e-01
3.847641e-01
3.965039e-01
3.953642e-01
3.805892e-01
3.555815e-01
4.243163e-01
3.762475e-01
3.131714e-01
3.361471e-01
3.231347e-01
3.689398e-01
4.716391e-01
4.238622e-01
5.575731e-01
4.510083e-01
6.672768e-01
5.258232e-01
4.800231e-01
4.279464e-01
4.210935e-01
5.058131e-01
7.369465e-01
6.377079e-01
3.380202e-01
3.361471e-01
3.731090e-01
3.689398e-01
3.805892e-01
3.918454e-01
4.243163e-01
4.896610e-01
6.672768e-01
5.258232e-01
7.369465e-01
6.377079e-01
3.540945e-01
4.021967e-01
4.800231e-01
4.279464e-01
3.918454e-01
4.896610e-01
3.380202e-01
3.731090e-01
3.965039e-01
3.953642e-01
4.401965e-01
4.395504e-01
3.533050e-01
3.725749e-01
4.134793e-01
3.839481e-01
3.131714e-01
3.231347e-01
3.555815e-01
3.762475e-01
3.907041e-01
3.828367e-01
3.155685e-01
3.263219e-01
4.482649e-01
4.251006e-01
3.063445e-01
3.328781e-01
4.482649e-01
4.251006e-01
3.617892e-01
3.845962e-01
3.907041e-01
3.828367e-01
3.635479e-01
3.617982e-01
avg_bond_length = 1.010812
